1.6857318214514112e-07
1.487880629804256e-07
1.5609016178616523e-07
4.7019720112502304e-07
0.0
0.0
1.5609016178616523e-07
2.6535327503648087e-06
2.5293970706672354e-06
2.6535327503648087e-06
8.584958898239087e-06
8.584958898239087e-06
8.584958898239087e-06
8.584958898239087e-06
2.0291721032201482e-06
2.0291721032201482e-06
2.0291721032201482e-06
2.0291721032201482e-06
2.0291721032201482e-06
8.228451019687904e-07
3.03431727861254e-06
2.115887405062604e-06
2.6781851336476615e-06
2.8096229121509746e-06
1.1754930028125576e-07
1.8543050035965522e-06
1.2930423030938135e-06
1.6366686927846819e-06
1.7169917796478178e-06
0.0
0.0
3.902254044654131e-06
3.7197015745106403e-06
3.902254044654131e-06
2.9387325070313938e-06
7.804508089308262e-07
1.5609016178616523e-07
1.2487212942893218e-06
1.2487212942893218e-06
0.0
3.309111429866703e-05
3.309111429866703e-05
2.4920451659626226e-05
3.309111429866703e-05
5.057195464354233e-07
3.526479008437673e-07
4.682704853584957e-07
3.526479008437673e-07
1.1800122750159878e-06
1.0415164408629794e-06
1.0926311325031568e-06
6.742927285805645e-07
4.7019720112502304e-07
5.951522519217024e-07
6.243606471446609e-07
7.804508089308262e-07
7.804508089308262e-07
0.0
5.057195464354233e-07
4.4636418894127683e-07
7.804508089308262e-07
0.0
0.0
3.1218032357233046e-07
2.029172103220148e-05
4.230043384405078e-05
4.230043384405078e-05
3.1855860376220314e-05
4.230043384405078e-05
1.365442775375643e-05
9.521493322781718e-06
1.1800122750159878e-06
8.228451019687904e-07
1.0415164408629794e-06
1.0926311325031568e-06
1.5609016178616523e-07
1.5609016178616523e-07
2.4974425885786437e-06
3.526479008437673e-07
8.584958898239087e-06
8.584958898239087e-06
5.150975338943453e-06
2.3509860056251152e-07
3.1218032357233046e-07
2.3509860056251152e-07
3.1218032357233046e-07
0.0
1.5609016178616523e-07
1.5609016178616523e-07
1.1754930028125576e-07
1.5609016178616523e-07
4.0583442064402964e-06
2.4818335724000275e-05
2.4818335724000275e-05
1.5609016178616523e-06
1.5609016178616523e-06
2.1723057195142142e-05
0.0
0.0
0.0
0.0
0.0
0.0
0.0
0.0
1.0770221163245402e-05
1.487880629804256e-07
1.1754930028125576e-07
1.774994434246962e-05
1.4105916033750692e-06
1.3148708207321008e-05
1.217503261932089e-05
1.0926311325031568e-06
1.0926311325031568e-06
4.682704853584957e-07
1.5609016178616523e-06
1.5609016178616523e-06
1.1754930028125577e-06
1.5609016178616523e-06
1.6857318214514112e-07
1.1754930028125576e-07
1.487880629804256e-07
1.5609016178616523e-07
1.5609016178616523e-07
0.0
0.0
4.017277700471492e-06
1.2487212942893218e-06
1.1903045038434049e-06
1.2487212942893218e-06
1.2487212942893218e-06
3.1218032357233046e-07
3.1218032357233046e-07
1.5609016178616523e-07
3.1218032357233046e-07
4.682704853584957e-07
9.365409707169914e-07
1.6366686927846819e-06
1.7169917796478178e-06
1.5609016178616523e-07
2.1852622650063137e-06
1.51715863930627e-06
1.4048114560754873e-06
1.6857318214514112e-07
1.1754930028125576e-07
1.5609016178616523e-07
1.5609016178616523e-07
3.1218032357233046e-07
0.0
0.0
1.5609016178616523e-07
0.0
7.804508089308262e-07
2.3881794753283282e-05
1.5609016178616523e-07
1.1754930028125576e-07
1.487880629804256e-07
1.5609016178616523e-07
1.5609016178616523e-07
1.1754930028125576e-07
1.5609016178616523e-07
1.0926311325031568e-06
0.00012766015803720518
4.682704853584957e-07
0.0
1.5609016178616523e-07
0.0
5.951522519217024e-07
6.243606471446609e-07
4.7019720112502304e-07
6.243606471446609e-07
6.867967118591271e-06
1.5609016178616523e-07
1.5609016178616523e-07
1.5609016178616523e-07
7.804508089308262e-07
0.0
0.0
0.0
0.0
5.057195464354233e-07
3.526479008437673e-07
4.4636418894127683e-07
4.682704853584957e-07
5.057195464354233e-07
4.682704853584957e-07
3.526479008437673e-07
4.682704853584957e-07
4.682704853584957e-07
0.0
3.5900737210818005e-06
3.5900737210818005e-06
0.0
0.0
1.8543050035965522e-06
1.2930423030938135e-06
1.6366686927846819e-06
1.7169917796478178e-06
3.465201591652868e-05
3.465201591652868e-05
4.682704853584957e-06
1.545292601683036e-05
9.053229383597584e-06
0.0
9.777244564418184e-06
8.629707652864685e-06
0.0
3.1218032357233046e-07
3.3714636429028223e-07
2.3509860056251152e-07
6.243606471446609e-07
2.9657130739371396e-06
1.1968695932305019e-05
1.1082401486817731e-05
1.1082401486817731e-05
0.0
3.1218032357233046e-07
1.7632395042188367e-05
3.1218032357233046e-07
7.248646832241067e-06
6.397886708158302e-06
6.7118769568051056e-06
6.7118769568051056e-06
0.0
0.0
0.0
3.1218032357233046e-07
1.6857318214514112e-07
1.487880629804256e-07
9.365409707169914e-07
9.365409707169914e-07
3.9490810931899806e-05
9.820012156708092e-06
4.113185644341443e-05
2.8682029268626406e-05
2.2318209447063845e-06
8.428868736452922e-06
1.6857318214514112e-07
1.1754930028125576e-07
2.4974425885786437e-06
2.0916081679346142e-05
6.7118769568051056e-06
0.0
1.5609016178616523e-07
3.5900737210818005e-06
3.5900737210818005e-06
2.7036339064688825e-06
3.5900737210818005e-06
0.0
5.057195464354233e-07
3.526479008437673e-07
4.4636418894127683e-07
4.682704853584957e-07
4.682704853584957e-07
4.682704853584957e-07
5.057195464354233e-07
3.526479008437673e-07
4.4636418894127683e-07
2.022878185741693e-06
5.057195464354233e-07
3.526479008437673e-07
4.4636418894127683e-07
3.526479008437673e-07
0.0
0.0
3.202890460757681e-06
2.9657130739371396e-06
2.8269731966280868e-06
2.9657130739371396e-06
4.0583442064402964e-06
3.868489637491066e-06
4.0583442064402964e-06
1.3892024398968706e-05
1.5609016178616523e-07
1.5609016178616523e-07
8.428868736452922e-06
8.428868736452922e-06
1.8730819414339828e-06
1.5609016178616523e-07
0.0
0.0
0.0
0.0
1.5609016178616523e-07
1.5609016178616523e-07
1.1754930028125576e-07
8.629707652864685e-06
3.1245493225889377e-06
3.3714636429028223e-07
2.975761259608512e-07
3.1218032357233046e-07
0.0
0.0
0.0
0.0
0.0
0.0
0.0
0.0
0.0
1.5609016178616523e-07
1.5609016178616523e-07
1.1754930028125576e-07
0.0
0.0
1.5609016178616523e-07
7.288056617437858e-06
5.057195464354233e-07
4.4636418894127683e-07
4.682704853584957e-07
4.682704853584957e-07
3.526479008437673e-07
4.682704853584957e-07
1.5609016178616523e-07
0.0
1.2487212942893218e-06
0.0
0.0
0.0
1.5609016178616523e-07
0.0
0.0
0.0
0.0
0.0
5.666072872837798e-05
3.1218032357233046e-07
3.1096705162908956e-05
9.677590030742246e-06
9.677590030742246e-06
7.248646832241067e-06
6.397886708158302e-06
1.4878806298042562e-06
1.2487212942893218e-06
0.0
0.0
0.0
7.804508089308262e-07
7.804508089308262e-07
5.057195464354233e-07
4.4636418894127683e-07
4.682704853584957e-07
3.526479008437673e-07
1.5609016178616523e-07
1.5609016178616523e-07
1.6857318214514112e-07
1.1754930028125576e-07
1.8730819414339828e-06
1.8730819414339828e-06
1.8730819414339828e-06
0.0
0.0
1.2474415478740441e-05
8.698648220812926e-06
1.1010316660551496e-05
1.1550671972176228e-05
8.698648220812926e-06
0.0
3.3714636429028223e-07
2.3509860056251152e-07
3.1218032357233046e-07
1.1125830021579314e-05
9.820012156708092e-06
2.9668880057544835e-05
2.618669908455491e-05
2.7471868474365084e-05
0.0
0.0
0.0
0.0
1.6857318214514112e-07
3.87912690928144e-06
4.682704853584957e-07
0.0
1.8730819414339828e-06
1.0926311325031568e-06
7.804508089308262e-07
7.804508089308262e-07
4.017277700471492e-06
4.214434368226461e-06
2.3509860056251152e-07
1.5609016178616523e-07
1.5609016178616523e-07
2.0291721032201482e-06
1.1125830021579314e-05
7.75825381856288e-06
9.820012156708092e-06
1.0301950677886906e-05
7.75825381856288e-06
1.51715863930627e-06
1.057943702531302e-06
1.3390925668238308e-06
1.4048114560754873e-06
1.057943702531302e-06
3.3714636429028223e-07
2.3509860056251152e-07
1.487880629804256e-07
1.5609016178616523e-07
1.5609016178616523e-07
0.0
6.243606471446609e-07
6.243606471446609e-07
4.7019720112502304e-07
2.3600245500319757e-06
2.1852622650063137e-06
2.083032881725959e-06
1.6857318214514112e-07
1.1754930028125576e-07
1.487880629804256e-07
1.5609016178616523e-07
8.428659107257056e-07
7.439403149021281e-07
7.804508089308262e-07
0.0
0.0
0.0
1.1754930028125576e-07
1.4048114560754873e-06
1.6857318214514112e-07
1.487880629804256e-07
0.0
0.0
1.5609016178616523e-07
3.1218032357233046e-07
0.0
0.0
0.0
3.1218032357233046e-07
1.5609016178616523e-07
4.682704853584957e-07
3.1218032357233046e-07
2.3509860056251152e-07
3.1218032357233046e-07
6.243606471446609e-07
0.0
0.0
4.370524530012627e-06
1.8730819414339828e-06
1.7854567557651073e-06
1.8730819414339828e-06
0.0
0.0
1.6857318214514112e-07
1.487880629804256e-07
1.5609016178616523e-07
1.5609016178616523e-07
3.7461638828679655e-06
8.428659107257056e-07
5.877465014062788e-07
4.114225509843952e-06
9.521499868956078e-06
1.5609016178616523e-07
1.5609016178616523e-07
1.5609016178616523e-07
1.1754930028125576e-07
1.5609016178616523e-07
1.2487212942893218e-06
1.2487212942893218e-06
9.403944022500461e-07
1.2487212942893218e-06
1.5609016178616523e-07
0.0
0.0
0.0
4.682704853584957e-07
4.682704853584957e-07
4.682704853584957e-07
4.682704853584957e-07
4.682704853584957e-07
3.526479008437673e-07
4.682704853584957e-07
1.4360294884327202e-05
3.371463642902822e-06
3.1218032357233046e-06
3.1218032357233046e-07
5.463155662515784e-06
5.463155662515784e-06
4.114225509843952e-06
5.463155662515784e-06
3.4221254485497894e-06
1.1800122750159878e-06
8.228451019687904e-07
1.0415164408629794e-06
1.0926311325031568e-06
1.0458040839673071e-05
3.1218032357233046e-07
3.1218032357233046e-07
1.51715863930627e-06
1.057943702531302e-06
1.3390925668238308e-06
1.4048114560754873e-06
1.4048114560754873e-06
1.4048114560754873e-06
9.365409707169914e-07
9.365409707169914e-07
9.365409707169914e-07
9.20931954538375e-06
9.20931954538375e-06
1.5609016178616523e-07
1.487880629804256e-07
1.5609016178616523e-07
0.0
6.243606471446609e-07
6.243606471446609e-07
6.243606471446609e-07
5.951522519217024e-07
6.243606471446609e-07
6.243606471446609e-07
4.7019720112502304e-07
3.012540122472989e-05
8.927283778825537e-07
0.0
9.365409707169914e-07
2.975761259608512e-07
3.1218032357233046e-07
0.0
0.0
6.243606471446609e-07
0.0
0.0
0.0
3.5900737210818005e-06
3.5900737210818005e-06
0.0
5.802734456236599e-06
6.087516309660445e-06
0.0
0.0
0.0
1.5609016178616523e-06
2.2318209447063845e-06
2.3413524267924787e-06
1.1754930028125576e-07
2.8657440964673985e-06
1.998338104781348e-06
2.5293970706672354e-06
3.202890460757681e-06
2.9657130739371396e-06
2.9657130739371396e-06
2.9657130739371396e-06
4.682704853584957e-07
4.682704853584957e-07
4.682704853584957e-07
3.526479008437673e-07
4.682704853584957e-07
0.0
1.8711623218110664e-05
1.6515474990827243e-05
1.732600795826434e-05
2.1852622650063137e-06
1.5609016178616523e-07
2.3509860056251152e-07
3.1218032357233046e-07
6.405780921515362e-06
2.975761259608512e-07
3.1218032357233046e-07
0.0
0.0
0.0
0.0
0.0
0.0
0.0
0.0
0.0
1.5609016178616523e-07
1.5609016178616523e-07
1.1754930028125576e-07
1.5609016178616523e-07
1.0614131001459235e-05
1.0614131001459235e-05
7.993352419125391e-06
1.0614131001459235e-05
0.0
1.0926311325031568e-06
6.243606471446609e-07
1.4878806298042562e-06
1.5609016178616523e-06
3.3714636429028223e-07
3.1218032357233046e-07
2.975761259608512e-07
1.5609016178616523e-07
1.5609016178616523e-07
1.1754930028125576e-07
9.365409707169914e-07
7.052958016875346e-07
6.399696633232775e-06
4.682704853584957e-07
3.3714636429028223e-07
0.0
0.0
0.0
0.0
0.0
0.0
6.844250897099579e-06
0.0
2.3413524267924787e-06
2.2318209447063845e-06
2.3413524267924787e-06
1.7632395042188365e-06
5.775335986088114e-06
0.00021105362404571669
0.00019542488255627888
0.00014717172395213221
0.00018628265485149287
0.00019542488255627888
0.00014717172395213221
1.0114390928708465e-06
7.052958016875346e-07
8.927283778825537e-07
9.365409707169914e-07
3.1218032357233046e-07
1.6857318214514112e-07
1.5609016178616523e-07
1.6857318214514112e-07
1.1754930028125576e-07
1.487880629804256e-07
3.3714636429028223e-07
2.3509860056251152e-07
2.975761259608512e-07
3.1218032357233046e-07
9.365409707169914e-07
4.682704853584957e-07
4.682704853584957e-07
4.682704853584957e-07
3.526479008437673e-07
4.55147591791881e-06
4.4636418894127683e-07
4.682704853584957e-07
5.057195464354233e-07
4.4636418894127683e-07
1.4048114560754873e-06
1.5609016178616523e-07
1.5609016178616523e-07
1.1754930028125576e-07
1.5609016178616523e-07
4.7612180153736195e-06
6.243606471446609e-07
6.243606471446609e-07
1.5609016178616523e-07
1.1754930028125576e-07
2.0291721032201482e-06
1.934244818745533e-06
2.0291721032201482e-06
2.0291721032201482e-06
1.8730819414339828e-06
1.8730819414339828e-06
4.0583442064402964e-06
1.2487212942893218e-06
6.243606471446609e-06
1.685731821451411e-06
1.1754930028125577e-06
1.4878806298042562e-06
6.742927285805645e-07
0.0
0.0
0.0
6.867967118591271e-06
9.365409707169914e-07
9.365409707169914e-07
7.052958016875346e-07
9.365409707169914e-07
1.5609016178616523e-07
1.5609016178616523e-07
1.1754930028125576e-07
1.5609016178616523e-07
7.804508089308262e-06
7.804508089308262e-06
9.365409707169914e-07
3.3714636429028223e-07
2.3509860056251152e-07
3.1218032357233046e-07
1.7169917796478178e-06
4.682704853584957e-07
0.0
0.0
0.0
3.3714636429028223e-07
2.3509860056251152e-07
2.975761259608512e-07
3.1218032357233046e-07
6.243606471446609e-07
1.5609016178616523e-06
0.0
4.682704853584957e-07
1.3390925668238308e-06
1.4048114560754873e-06
2.022878185741693e-06
1.8730819414339828e-06
1.4105916033750692e-06
1.7854567557651073e-06
1.8730819414339828e-06
6.465211515469066e-06
8.183343463923409e-06
3.526479008437673e-07
6.243606471446609e-07
2.3509860056251152e-07
1.6857318214514112e-07
5.057195464354233e-07
3.526479008437673e-07
4.4636418894127683e-07
4.682704853584957e-07
0.0
0.0
7.439403149021281e-07
7.804508089308262e-07
3.3714636429028223e-07
4.045756371483386e-06
2.8211832067501384e-06
3.5709135115302146e-06
3.7461638828679655e-06
1.8543050035965522e-06
1.6366686927846819e-06
1.7169917796478178e-06
8.428659107257056e-07
5.877465014062788e-07
7.439403149021281e-07
7.804508089308262e-07
1.6857318214514112e-07
6.742927285805645e-07
4.7019720112502304e-07
5.951522519217024e-07
6.243606471446609e-07
5.505158330275748e-06
0.0
0.0
0.0
1.5609016178616523e-07
7.804508089308262e-07
7.804508089308262e-07
3.1218032357233046e-07
3.1218032357233046e-07
3.1218032357233046e-07
1.2487212942893218e-06
1.2487212942893218e-06
9.403944022500461e-07
1.2487212942893218e-06
4.4636418894127683e-07
0.0
0.0
0.0
1.487880629804256e-07
1.0415164408629794e-06
1.0926311325031568e-06
3.3714636429028223e-07
5.150975338943453e-06
5.150975338943453e-06
5.3070655007296174e-06
6.337260568518308e-05
1.487880629804256e-07
0.0
0.0
0.0
0.0
0.0
4.682704853584957e-07
1.5609016178616523e-06
2.5285977321771168e-06
3.2913804078751618e-06
6.742927285805645e-07
4.7019720112502304e-07
1.5609016178616523e-07
5.057195464354233e-07
3.526479008437673e-07
4.4636418894127683e-07
4.682704853584957e-07
1.1754930028125576e-07
1.5609016178616523e-07
1.057943702531302e-06
0.0
0.0
0.0
1.5609016178616523e-07
1.5609016178616523e-07
2.3413524267924787e-06
1.6857318214514112e-07
1.1754930028125576e-07
1.487880629804256e-07
1.1754930028125576e-07
1.348585457161129e-06
1.1903045038434049e-06
4.4636418894127683e-07
1.8543050035965522e-06
1.6366686927846819e-06
3.902254044654131e-06
3.902254044654131e-06
5.057195464354233e-07
3.526479008437673e-07
4.4636418894127683e-07
4.682704853584957e-07
5.057195464354233e-07
3.526479008437673e-07
4.4636418894127683e-07
9.365409707169914e-07
3.3714636429028223e-07
2.3509860056251152e-07
2.975761259608512e-07
3.1218032357233046e-07
3.1218032357233046e-07
3.1218032357233046e-07
3.1218032357233046e-07
6.243606471446609e-07
6.243606471446609e-07
4.7019720112502304e-07
6.243606471446609e-07
3.1218032357233046e-06
3.1218032357233046e-06
3.1218032357233046e-07
3.1218032357233046e-07
2.3509860056251152e-07
3.1218032357233046e-07
8.584958898239087e-06
8.584958898239087e-06
8.584958898239087e-06
2.4974425885786437e-06
2.0291721032201482e-06
1.7169917796478178e-06
1.7169917796478178e-06
1.7169917796478178e-06
2.3806090076868098e-06
2.4974425885786437e-06
2.4974425885786437e-06
1.3735934237182542e-05
0.0
2.8096229121509746e-06
9.537108885134697e-05
4.682704853584957e-07
4.682704853584957e-07
4.682704853584957e-07
0.0
0.0
0.0
0.0
0.0
0.0
0.0
0.0
5.877465014062788e-07
7.804508089308262e-07
3.1218032357233046e-07
3.1218032357233046e-07
2.3509860056251152e-07
3.1218032357233046e-07
6.243606471446609e-07
0.0
4.612429952393195e-06
0.0
0.00017763060411265605
4.682704853584957e-06
0.0
0.0
0.0
0.0
1.6857318214514112e-07
3.3714636429028223e-07
2.3509860056251152e-07
2.975761259608512e-07
3.1218032357233046e-07
5.9000613750799385e-06
4.114225509843952e-06
5.2075822043148965e-06
5.463155662515784e-06
4.114225509843952e-06
7.804508089308262e-07
5.057195464354233e-07
4.4636418894127683e-07
0.0
0.0
0.0
0.0
1.5609016178616523e-07
4.885622063906972e-05
3.6792930988033054e-05
1.0114390928708465e-06
8.091512742966772e-06
7.492327765735931e-06
7.492327765735931e-06
0.0
0.0
0.0
0.0
1.5609016178616523e-07
1.5609016178616523e-07
1.5609016178616523e-07
6.555786795018939e-06
6.249098645177875e-06
6.555786795018939e-06
4.937070611812742e-06
5.057195464354233e-07
4.4636418894127683e-07
4.682704853584957e-07
1.014586051610074e-05
1.487880629804256e-07
1.5609016178616523e-07
0.0
4.017277700471492e-06
4.214434368226461e-06
3.1738311075939055e-06
1.1800122750159878e-06
8.228451019687904e-07
1.0415164408629794e-06
1.0926311325031568e-06
2.0291721032201482e-06
2.0291721032201482e-06
3.902254044654131e-06
3.902254044654131e-06
3.902254044654131e-06
1.0926311325031568e-06
1.786875730738496e-05
1.6545557149333517e-05
2.8096229121509746e-06
2.55987865329311e-05
2.55987865329311e-05
9.989770354314575e-06
1.4048114560754873e-06
1.6857318214514112e-07
1.1754930028125576e-07
1.487880629804256e-07
1.5609016178616523e-07
1.1754930028125576e-07
4.682704853584957e-07
3.704822768212598e-05
8.091512742966772e-06
7.141827023060429e-06
7.492327765735931e-06
8.428659107257056e-07
7.804508089308262e-07
7.439403149021281e-07
7.804508089308262e-07
7.804508089308262e-07
2.1914513678868346e-06
1.528140903656325e-06
1.934244818745533e-06
1.5609016178616523e-07
4.526614691798792e-06
1.4878806298042562e-06
7.052958016875346e-07
3.996676209562696e-06
0.0
9.053229383597584e-06
0.0
0.0
0.0
5.951522519217024e-07
6.243606471446609e-07
4.7019720112502304e-07
4.720049100063951e-06
4.370524530012627e-06
4.166065763451918e-06
3.2913804078751618e-06
1.1754930028125576e-07
4.4636418894127683e-07
1.5609016178616523e-07
1.487880629804256e-07
1.5609016178616523e-07
0.0
1.7632395042188365e-06
2.2318209447063845e-06
5.3070655007296174e-06
1.5609016178616523e-06
0.0
0.0
0.0
1.0770221163245402e-05
1.0770221163245402e-05
1.5609016178616523e-07
1.5609016178616523e-07
1.638946698754735e-05
1.638946698754735e-05
3.1218032357233046e-07
1.0114390928708465e-06
8.927283778825537e-07
7.052958016875346e-07
6.399696633232775e-06
0.0
0.0
0.0
0.0
3.996676209562696e-06
5.058794141334471e-06
5.3070655007296174e-06
5.3070655007296174e-06
5.010494193335904e-05
5.010494193335904e-05
5.010494193335904e-05
3.7733325390283104e-05
5.010494193335904e-05
1.4105916033750692e-06
5.057195464354233e-07
3.526479008437673e-07
4.4636418894127683e-07
1.9199089899698326e-05
0.0
0.0
0.0
0.0
0.0
1.1800122750159878e-06
8.228451019687904e-07
1.0415164408629794e-06
1.0926311325031568e-06
3.5400368250479633e-06
2.468535305906371e-06
3.1245493225889377e-06
3.2778933975094696e-06
3.2778933975094696e-06
0.0
2.022878185741693e-06
1.4105916033750692e-06
1.7854567557651073e-06
1.8730819414339828e-06
1.4105916033750692e-06
1.1800122750159878e-06
1.0415164408629794e-06
1.5508732757352982e-05
1.3688501794199158e-05
3.1218032357233046e-07
5.951522519217024e-07
6.243606471446609e-07
0.0
0.0
6.742927285805645e-07
4.7019720112502304e-07
6.243606471446609e-07
1.2930423030938135e-06
3.3714636429028223e-07
6.243606471446609e-07
7.052958016875346e-07
9.365409707169914e-07
0.0
1.51715863930627e-06
1.057943702531302e-06
1.3390925668238308e-06
1.4048114560754873e-06
1.0114390928708467e-05
7.052958016875346e-06
8.927283778825538e-06
9.365409707169915e-06
1.4048114560754873e-06
2.3600245500319757e-06
1.6456902039375809e-06
2.083032881725959e-06
2.1852622650063137e-06
1.1800122750159878e-06
8.228451019687904e-07
1.0415164408629794e-06
3.1218032357233046e-07
5.3070655007296174e-06
1.4360294884327202e-05
0.0
0.0
0.0
0.0
0.0
3.3714636429028223e-07
2.3509860056251152e-07
2.975761259608512e-07
2.3509860056251152e-07
1.4105916033750692e-06
1.7854567557651073e-06
1.8730819414339828e-06
0.0
0.0
0.0
0.0
0.0
0.0
4.682704853584957e-07
3.3714636429028223e-07
2.975761259608512e-07
2.3509860056251152e-07
0.0
0.0
2.3509860056251152e-07
2.975761259608512e-07
4.4636418894127683e-07
6.710341640417196e-05
7.039666296556052e-05
0.0
0.0
0.0
4.682704853584957e-07
4.682704853584957e-07
3.526479008437673e-07
6.742927285805645e-07
4.7019720112502304e-07
2.7477428689658e-05
1.916053594584469e-05
0.0
8.897139221811418e-06
8.897139221811418e-06
7.052958016875346e-07
1.8807888045000922e-06
2.3806090076868098e-06
0.0
6.243606471446609e-07
0.0
0.0
3.526479008437673e-07
2.8096229121509746e-06
2.6781851336476615e-06
0.0
0.0
1.348585457161129e-06
1.2487212942893218e-06
0.0
6.243606471446609e-07
4.7019720112502304e-07
1.487880629804256e-07
1.1754930028125576e-07
3.3714636429028223e-07
2.3509860056251152e-07
1.057943702531302e-06
1.576510634040269e-05
1.1872479328406833e-05
1.576510634040269e-05
0.0
0.0
1.2577775130094366e-05
0.0
0.0
0.0
0.0
8.428659107257056e-07
7.804508089308262e-07
7.439403149021281e-07
7.804508089308262e-07
1.685731821451411e-06
1.4878806298042562e-06
1.5609016178616523e-06
1.1754930028125577e-06
2.8657440964673985e-06
1.998338104781348e-06
2.5293970706672354e-06
2.3509860056251152e-07
2.975761259608512e-07
3.7461638828679655e-06
3.7461638828679655e-06
2.8211832067501384e-06
3.7461638828679655e-06
0.0
0.0
0.0
8.93437865369248e-06
8.272778574666758e-06
7.885767337962558e-06
0.0
5.057195464354233e-07
4.4636418894127683e-07
4.682704853584957e-07
4.682704853584957e-07
3.3714636429028223e-07
2.975761259608512e-07
3.1218032357233046e-07
3.1218032357233046e-07
8.183343463923409e-06
1.1631549568014737e-05
1.0770221163245402e-05
1.0266376345649368e-05
5.057195464354233e-07
4.4636418894127683e-07
4.682704853584957e-07
3.5900737210818005e-06
1.1754930028125576e-07
0.0
0.0
0.0
0.0
2.9657130739371396e-06
1.0926311325031568e-06
2.3413524267924787e-06
2.3413524267924787e-06
2.3413524267924787e-06
2.0291721032201482e-06
2.0291721032201482e-06
1.528140903656325e-06
2.0291721032201482e-06
3.7461638828679655e-06
3.7461638828679655e-06
3.7461638828679655e-06
6.555786795018939e-06
6.555786795018939e-06
8.629707652864685e-06
1.8543050035965522e-06
1.487880629804256e-07
1.5609016178616523e-07
1.0114390928708465e-06
7.052958016875346e-07
8.927283778825537e-07
7.052958016875346e-07
7.804508089308262e-07
3.1218032357233046e-07
2.3509860056251152e-07
4.682704853584957e-07
1.5609016178616523e-07
8.927283778825537e-07
7.052958016875346e-07
6.243606471446609e-07
5.951522519217024e-07
6.243606471446609e-07
6.243606471446609e-07
6.243606471446609e-07
6.243606471446609e-07
4.7019720112502304e-07
5.951522519217024e-07
6.243606471446609e-07
4.7019720112502304e-07
1.4048114560754873e-06
6.243606471446609e-07
5.951522519217024e-07
1.2487212942893218e-06
1.1903045038434049e-06
1.2487212942893218e-06
2.9163160511109414e-05
1.5609016178616523e-07
1.5609016178616523e-07
1.5609016178616523e-07
3.1218032357233046e-07
1.2487212942893218e-05
2.4103666202828952e-05
4.114225509843952e-06
1.5609016178616523e-07
3.3714636429028223e-07
2.3509860056251152e-07
2.975761259608512e-07
3.1218032357233046e-07
5.057195464354233e-07
3.526479008437673e-07
4.4636418894127683e-07
4.682704853584957e-07
3.526479008437673e-07
1.8543050035965522e-06
1.2930423030938135e-06
1.6366686927846819e-06
1.7169917796478178e-06
1.8543050035965522e-06
1.2930423030938135e-06
1.6366686927846819e-06
1.7169917796478178e-06
0.0
0.0
4.466873410687719e-06
0.0
0.0
3.371463642902822e-06
2.9757612596085124e-06
3.1218032357233046e-06
3.1218032357233046e-06
2.3509860056251154e-06
0.0
0.0
0.0
0.0
4.214329553628528e-06
3.902254044654131e-06
3.902254044654131e-06
3.902254044654131e-06
2.9387325070313938e-06
3.902254044654131e-06
5.951522519217024e-07
6.243606471446609e-07
6.243606471446609e-07
9.365409707169914e-07
0.0
0.0
0.0
4.4636418894127683e-07
2.4974425885786437e-06
0.0
0.0
0.0
0.0
0.0
1.2642988660885585e-05
1.1159104723531922e-05
1.1706762133962393e-05
0.0
6.742927285805645e-07
6.742927285805645e-07
4.7019720112502304e-07
5.951522519217024e-07
1.4160147300191853e-05
9.874141223625483e-06
1.3111573590037879e-05
1.1800122750159878e-06
1.51715863930627e-06
1.3390925668238308e-06
1.4048114560754873e-06
1.014586051610074e-05
1.014586051610074e-05
1.014586051610074e-05
4.682704853584957e-06
0.00011519453939818994
5.619245824301949e-06
4.0583442064402964e-06
5.058794141334471e-06
5.3070655007296174e-06
5.3070655007296174e-06
0.0
0.0
0.0
0.0
0.0
2.1852622650063137e-06
2.1852622650063137e-06
7.804508089308262e-07
1.5609016178616523e-07
0.0
6.742927285805645e-07
1.5609016178616523e-07
0.0
0.0
0.0
0.0
8.741049060025255e-06
3.1218032357233046e-07
0.0
1.5609016178616523e-07
0.0
0.0
0.0
9.677590030742246e-06
6.243606471446609e-07
0.0
0.0
0.0
2.856449960686824e-05
4.682704853584957e-07
0.0
1.217503261932089e-05
1.217503261932089e-05
1.348585457161129e-06
1.1903045038434049e-06
1.685731821451411e-06
5.057195464354233e-07
3.526479008437673e-07
3.526479008437673e-06
1.0926311325031568e-06
0.0
0.0
0.0
1.8730819414339828e-06
1.8730819414339828e-06
1.4105916033750692e-06
1.8730819414339828e-06
2.1852622650063137e-06
4.526614691798792e-06
4.526614691798792e-06
3.408929708156417e-06
4.526614691798792e-06
3.1218032357233046e-07
1.685731821451411e-06
1.4878806298042562e-06
4.682704853584957e-07
4.4636418894127683e-07
4.682704853584957e-07
1.0458040839673071e-05
1.0458040839673071e-05
1.0458040839673071e-05
4.370524530012627e-06
4.370524530012627e-06
4.370524530012627e-06
2.1914513678868346e-06
1.2487212942893218e-06
1.2487212942893218e-06
1.51715863930627e-06
1.057943702531302e-06
1.3390925668238308e-06
1.4048114560754873e-06
0.0
0.0
0.0
0.0
0.0
0.0
0.0
0.0
1.487880629804256e-07
8.927283778825537e-07
9.365409707169914e-07
1.1903045038434049e-06
1.2487212942893218e-06
6.742927285805645e-07
4.7019720112502304e-07
5.951522519217024e-07
6.243606471446609e-07
7.804508089308262e-07
1.0926311325031568e-06
4.682704853584957e-07
1.5609016178616523e-07
1.5609016178616523e-07
1.1754930028125576e-07
1.5609016178616523e-07
5.877465014062788e-07
7.804508089308262e-07
1.1903045038434049e-06
2.1914513678868346e-06
1.934244818745533e-06
2.0291721032201482e-06
1.528140903656325e-06
0.0
0.0
1.6857318214514112e-07
1.1754930028125576e-07
4.682704853584957e-07
4.682704853584957e-07
3.526479008437673e-07
4.682704853584957e-07
0.0
0.0
0.0
0.0
9.945817746563326e-06
6.935408716594091e-06
1.6857318214514112e-07
1.1754930028125576e-07
1.487880629804256e-07
5.057195464354233e-07
3.526479008437673e-07
4.4636418894127683e-07
4.682704853584957e-07
3.1218032357233046e-06
3.1218032357233046e-06
3.1218032357233046e-06
1.8543050035965522e-06
1.2930423030938135e-06
1.6366686927846819e-06
1.7169917796478178e-06
4.682704853584957e-07
6.700310116031579e-06
4.349324110406463e-06
0.0
1.685731821451411e-06
1.5609016178616523e-06
1.1754930028125577e-06
1.4878806298042562e-06
1.5609016178616523e-06
1.1754930028125577e-06
3.526479008437673e-07
0.0
0.0
0.0
9.365409707169914e-07
3.742324643622133e-05
3.465201591652868e-05
2.609594466243878e-05
3.3030949981654485e-05
3.465201591652868e-05
2.609594466243878e-05
0.0
0.0
0.0
0.0
0.0
6.555786795018939e-06
9.365409707169914e-07
9.365409707169914e-07
0.0
0.0
0.0
2.55987865329311e-05
2.55987865329311e-05
4.888622282209092e-06
3.408929708156417e-06
6.243606471446609e-07
6.243606471446609e-07
7.080073650095927e-06
4.937070611812742e-06
6.555786795018939e-06
6.243606471446609e-06
8.897139221811418e-06
1.5609016178616523e-07
7.439403149021281e-07
1.487880629804256e-07
1.5609016178616523e-07
1.5609016178616523e-07
1.5609016178616523e-07
7.804508089308262e-07
6.087516309660445e-06
0.0
1.5609016178616523e-07
4.214329553628528e-06
3.902254044654131e-06
2.9387325070313938e-06
3.902254044654131e-06
2.9387325070313938e-06
3.902254044654131e-06
0.0
0.0
3.526479008437673e-07
4.4636418894127683e-07
4.682704853584957e-07
9.365409707169914e-07
9.365409707169914e-07
9.365409707169914e-07
0.0
4.214434368226461e-06
4.214434368226461e-06
3.1218032357233046e-07
3.1218032357233046e-07
3.1218032357233046e-07
0.0
0.0
5.057195464354233e-07
3.526479008437673e-07
1.5609016178616523e-07
1.5609016178616523e-07
7.804508089308262e-07
0.0
0.0
0.0
0.0
1.6857318214514112e-07
1.1754930028125576e-07
1.487880629804256e-07
1.5609016178616523e-07
1.3390925668238308e-06
1.4048114560754873e-06
0.0
0.0
1.6857318214514112e-07
1.1754930028125576e-07
1.487880629804256e-07
1.5609016178616523e-07
1.5609016178616523e-07
1.1754930028125576e-07
3.202890460757681e-06
2.8269731966280868e-06
2.9657130739371396e-06
4.214329553628528e-06
2.9387325070313938e-06
3.7197015745106403e-06
3.902254044654131e-06
2.9387325070313938e-06
6.181170406732143e-05
0.0
2.975761259608512e-07
3.1218032357233046e-07
2.975761259608512e-07
3.1218032357233046e-07
3.1218032357233046e-07
0.0
0.0
1.487880629804256e-07
1.5609016178616523e-07
3.1218032357233046e-06
3.1218032357233046e-06
3.1218032357233046e-06
3.1218032357233046e-06
1.5609016178616523e-07
2.0291721032201482e-06
7.804508089308262e-07
3.5709135115302146e-06
3.7461638828679655e-06
0.0
4.888622282209092e-06
4.526614691798792e-06
0.0
0.0
2.8096229121509746e-06
2.4037884915069444e-05
7.640704518281624e-06
5.951522519217024e-07
6.243606471446609e-07
4.7019720112502304e-07
1.5609016178616523e-07
0.0
7.804508089308262e-07
7.804508089308262e-07
5.28971851265651e-06
3.1218032357233046e-07
3.1218032357233046e-07
3.526479008437673e-07
1.3892024398968706e-05
1.0461887725031763e-05
4.682704853584957e-06
4.682704853584957e-06
1.0926311325031568e-06
4.682704853584957e-07
0.0
3.1218032357233046e-07
4.2612614167623115e-05
7.052958016875346e-07
1.2487212942893218e-06
7.439403149021281e-07
0.0
1.5609016178616523e-07
1.5609016178616523e-07
1.8730819414339828e-06
1.487880629804256e-07
1.5609016178616523e-07
1.685731821451411e-06
1.1754930028125577e-06
1.5609016178616523e-06
1.8543050035965522e-06
1.2930423030938135e-06
1.7169917796478178e-06
0.0
0.0
0.0
6.742927285805644e-06
4.701972011250231e-06
5.951522519217025e-06
6.243606471446609e-06
4.701972011250231e-06
3.1218032357233046e-07
0.0
0.0
0.0
0.0
0.0
4.214329553628528e-06
3.902254044654131e-06
2.9387325070313938e-06
3.7197015745106403e-06
3.902254044654131e-06
1.528140903656325e-06
1.934244818745533e-06
2.0291721032201482e-06
1.528140903656325e-06
7.052958016875346e-07
8.927283778825537e-07
9.365409707169914e-07
1.5609016178616523e-07
1.5609016178616523e-07
1.5609016178616523e-07
3.1218032357233046e-07
0.0
9.053229383597584e-06
6.817859416312834e-06
9.053229383597584e-06
9.053229383597584e-06
6.817859416312834e-06
9.053229383597584e-06
1.5609016178616523e-07
1.5609016178616523e-07
0.0
0.0
0.0
0.0
0.0
0.0
0.0
1.6857318214514112e-07
1.1754930028125576e-07
1.2487212942893218e-06
3.1218032357233046e-07
5.8774650140627876e-06
7.439403149021281e-06
1.1800122750159878e-06
1.0926311325031568e-06
1.84186390907675e-05
7.648417927522097e-06
1.3735934237182542e-05
2.3600245500319757e-06
1.6456902039375809e-06
2.083032881725959e-06
2.1852622650063137e-06
0.0
0.0
0.0
0.0
2.1914513678868346e-06
0.0
9.365409707169914e-07
9.365409707169914e-07
1.6857318214514112e-07
1.487880629804256e-07
0.0
1.348585457161129e-06
9.403944022500461e-07
1.1903045038434049e-06
1.2487212942893218e-06
0.0
0.0
4.682704853584957e-07
2.6535327503648087e-06
2.6535327503648087e-06
1.998338104781348e-06
1.5609016178616523e-07
1.487880629804256e-07
1.1754930028125576e-07
3.4221254485497894e-06
3.9334720770113644e-05
3.749459187106726e-05
3.9334720770113644e-05
3.9334720770113644e-05
8.927283778825537e-07
9.365409707169914e-07
3.1218032357233046e-07
1.5609016178616523e-06
9.365409707169914e-07
1.84186390907675e-05
1.51715863930627e-06
1.057943702531302e-06
1.3390925668238308e-06
1.4048114560754873e-06
0.0
0.0
0.0
0.0
0.0
0.0
0.0
0.0
0.0
0.0
0.0
4.819521311531486e-06
6.1003105821974505e-06
4.937070611812742e-06
6.249098645177875e-06
4.682704853584957e-07
1.4048114560754873e-06
1.7169917796478178e-06
1.5609016178616523e-07
1.5609016178616523e-07
1.5609016178616523e-07
9.365409707169914e-07
2.6535327503648087e-06
9.365409707169914e-07
6.742927285805645e-07
4.7019720112502304e-07
5.951522519217024e-07
6.243606471446609e-07
3.3714636429028223e-07
2.975761259608512e-07
3.1218032357233046e-07
7.080073650095927e-06
6.249098645177875e-06
6.555786795018939e-06
2.410596504675518e-05
2.1276693006200864e-05
2.2320893135421628e-05
1.5609016178616523e-07
4.214434368226461e-06
4.214434368226461e-06
3.1738311075939055e-06
4.214434368226461e-06
0.0
1.348585457161129e-06
1.2487212942893218e-06
1.1903045038434049e-06
0.0
0.0
2.325743410613862e-05
2.325743410613862e-05
3.2913804078751618e-06
1.5609016178616523e-07
4.682704853584957e-07
3.3714636429028223e-07
2.3509860056251152e-07
2.975761259608512e-07
3.1218032357233046e-07
8.260085925111914e-06
5.759915713781533e-06
7.290615086040856e-06
7.648417927522097e-06
3.944612462196302e-05
2.750653626581385e-05
3.48164067374196e-05
3.6525097857962666e-05
2.750653626581385e-05
0.0
0.0
6.742927285805645e-07
4.7019720112502304e-07
1.6857318214514112e-07
1.487880629804256e-07
1.5609016178616523e-07
1.1754930028125576e-07
1.0114390928708465e-06
9.365409707169914e-07
4.682704853584957e-07
0.0
1.5609016178616523e-07
1.5609016178616523e-07
1.5325170486983837e-05
1.607728666397502e-05
1.51715863930627e-06
1.3390925668238308e-06
1.4048114560754873e-06
1.057943702531302e-06
4.682704853584957e-07
0.0
4.584422710968975e-06
1.6857318214514112e-07
1.487880629804256e-07
1.5609016178616523e-07
5.057195464354233e-07
4.682704853584957e-07
1.5609016178616523e-07
2.3413524267924787e-06
2.3413524267924787e-06
1.7632395042188365e-06
2.3413524267924787e-06
1.5609016178616523e-07
1.5609016178616523e-07
1.0926311325031568e-06
0.0
0.0
3.5900737210818005e-06
3.5900737210818005e-06
3.1218032357233046e-07
3.3714636429028223e-07
2.975761259608512e-07
3.1218032357233046e-07
3.1218032357233046e-07
2.8096229121509746e-06
4.682704853584957e-07
4.682704853584957e-07
5.057195464354233e-07
4.4636418894127683e-07
5.775335986088114e-06
5.775335986088114e-06
4.214434368226461e-06
2.6781851336476615e-06
2.8096229121509746e-06
2.8096229121509746e-06
2.115887405062604e-06
2.8096229121509746e-06
3.1218032357233046e-07
3.1218032357233046e-07
3.1218032357233046e-07
1.5609016178616523e-07
1.786875730738496e-05
1.6857318214514112e-07
3.1218032357233046e-07
2.975761259608512e-07
3.1218032357233046e-07
0.0
1.6857318214514112e-07
1.1754930028125576e-07
1.5609016178616523e-07
9.365409707169914e-07
3.2778933975094696e-06
7.648417927522097e-06
8.428659107257056e-07
5.877465014062788e-07
7.439403149021281e-07
7.804508089308262e-07
5.951522519217024e-07
6.243606471446609e-07
3.7086100071931044e-06
2.586084606187627e-06
3.2733373855693637e-06
3.4339835592956355e-06
3.1218032357233046e-07
1.6857318214514112e-07
2.975761259608512e-07
1.5609016178616523e-07
3.1218032357233046e-07
2.9657130739371396e-06
1.487880629804256e-07
0.0
0.0
0.0
0.0
0.0
2.8096229121509746e-06
2.8096229121509746e-06
1.1754930028125576e-07
4.682704853584957e-07
3.526479008437673e-07
4.4636418894127683e-07
4.682704853584957e-07
0.0
0.0
7.439403149021281e-07
7.804508089308262e-07
1.685731821451411e-06
1.1754930028125577e-06
1.4878806298042562e-06
1.5609016178616523e-06
6.06863455722508e-06
4.231774810125208e-06
5.356370267295323e-06
5.619245824301949e-06
4.40174256236986e-05
1.6857318214514112e-07
1.1754930028125576e-07
1.487880629804256e-07
1.5609016178616523e-07
7.804508089308262e-07
7.804508089308262e-07
0.0
1.5609016178616523e-07
1.5609016178616523e-07
1.5609016178616523e-07
1.1754930028125576e-07
4.682704853584957e-07
4.682704853584957e-07
4.682704853584957e-07
4.682704853584957e-07
2.8096229121509742e-05
2.8096229121509742e-05
0.0
0.0
3.4221254485497894e-06
3.5900737210818005e-06
3.5900737210818005e-06
0.0002951664959376384
0.0002951664959376384
0.0002951664959376384
3.5900737210818005e-06
4.526614691798792e-06
7.804508089308262e-07
7.804508089308262e-07
4.682704853584957e-07
2.5293970706672354e-06
1.5609016178616523e-07
0.0
1.5609016178616523e-07
1.5609016178616523e-07
6.243606471446609e-07
1.685731821451411e-06
0.0
0.0
0.0
0.0
2.1914513678868346e-06
2.0291721032201482e-06
1.934244818745533e-06
2.0291721032201482e-06
1.528140903656325e-06
0.0
4.370524530012627e-06
9.365409707169914e-07
9.365409707169914e-07
9.365409707169914e-07
1.5609016178616523e-07
1.5609016178616523e-07
1.5609016178616523e-07
0.0
0.0
1.5609016178616523e-07
1.0114390928708465e-06
7.052958016875346e-07
8.927283778825537e-07
7.052958016875346e-07
0.0
5.057195464354233e-07
3.526479008437673e-07
1.51715863930627e-06
1.3390925668238308e-06
1.4048114560754873e-06
0.0
0.0
6.06863455722508e-06
5.356370267295323e-06
5.057195464354233e-07
1.6366686927846819e-06
3.1218032357233046e-07
2.3509860056251152e-07
3.1218032357233046e-07
1.1754930028125576e-07
1.487880629804256e-07
2.3413524267924787e-06
0.0
0.0
0.0
0.0
0.0
0.0
0.0
0.0
4.7019720112502304e-07
3.3714636429028223e-07
3.1218032357233046e-07
1.487880629804256e-07
1.348585457161129e-06
9.403944022500461e-07
1.1903045038434049e-06
1.2487212942893218e-06
1.6520171850223828e-05
1.1519831427563066e-05
1.4581230172081712e-05
1.5296835855044193e-05
3.5900737210818005e-06
2.2318209447063845e-06
3.3714636429028223e-07
2.3509860056251152e-07
2.975761259608512e-07
3.1218032357233046e-07
8.428659107257056e-07
5.877465014062788e-07
7.439403149021281e-07
7.804508089308262e-07
3.1218032357233046e-07
3.1218032357233046e-07
1.6857318214514112e-07
1.1754930028125576e-07
1.487880629804256e-07
0.0
0.0
1.022678912446925e-05
1.2944561479297028e-05
2.0565928221707214e-05
1.9042999737912157e-05
1.4341014634313203e-05
1.8152143683611926e-05
1.9042999737912157e-05
1.9042999737912157e-05
0.0
0.0
0.0
6.742927285805645e-07
5.951522519217024e-07
1.487880629804256e-07
1.4497293664482135e-05
1.2795773416316604e-05
1.8543050035965522e-06
0.0
8.175799334039343e-05
7.570372846629014e-05
7.570372846629014e-05
5.7011410636409045e-05
7.570372846629014e-05
1.5609016178616523e-07
0.0
0.0
0.0
0.0
1.5609016178616523e-07
0.0
0.0
0.0
0.0
0.0
3.1218032357233046e-07
3.1218032357233046e-07
1.6857318214514112e-07
0.0
3.1218032357233046e-07
3.3714636429028223e-07
3.1218032357233046e-07
2.975761259608512e-07
0.0
9.608671382273044e-06
8.48091958988426e-06
8.897139221811418e-06
1.5609016178616523e-07
2.975761259608512e-07
3.1218032357233046e-07
3.1218032357233046e-07
0.0
0.0
0.0
0.0
2.1852622650063137e-06
2.083032881725959e-06
2.1852622650063137e-06
1.6456902039375809e-06
2.1852622650063137e-06
3.1218032357233046e-07
2.3509860056251152e-07
2.8096229121509746e-06
2.8096229121509746e-06
2.115887405062604e-06
2.8096229121509746e-06
4.937070611812742e-06
8.428659107257055e-06
5.8774650140627876e-06
7.804508089308262e-06
7.804508089308262e-06
5.9000613750799385e-06
5.2075822043148965e-06
5.463155662515784e-06
1.2487212942893218e-06
9.403944022500461e-07
1.2487212942893218e-06
2.4974425885786437e-06
0.0
1.5609016178616523e-07
1.6857318214514112e-07
3.3714636429028223e-07
2.3509860056251152e-07
2.975761259608512e-07
3.1218032357233046e-07
1.5609016178616523e-07
0.0
0.0
0.0
1.6857318214514112e-07
1.487880629804256e-07
5.0571954643542335e-06
3.526479008437673e-06
4.463641889412769e-06
4.682704853584957e-06
3.526479008437673e-06
2.8657440964673985e-06
1.998338104781348e-06
2.5293970706672354e-06
2.6535327503648087e-06
1.998338104781348e-06
1.348585457161129e-06
9.403944022500461e-07
1.1903045038434049e-06
1.2487212942893218e-06
0.0
1.5609016178616523e-07
0.0
0.0
0.0
0.0
0.0
0.0
0.0
1.5609016178616523e-07
2.6781851336476615e-06
3.1218032357233046e-07
0.0
1.4878806298042562e-06
1.5609016178616523e-06
7.804508089308262e-07
7.804508089308262e-07
2.8096229121509746e-06
2.8096229121509746e-06
1.5609016178616523e-07
1.5609016178616523e-07
1.5609016178616523e-07
1.5609016178616523e-07
0.0
0.0
0.0
0.0
0.0
1.685731821451411e-06
1.1754930028125577e-06
1.4878806298042562e-06
1.5609016178616523e-06
1.0415164408629794e-06
1.0926311325031568e-06
1.5609016178616523e-07
2.0291721032201482e-06
2.0291721032201482e-06
2.0291721032201482e-06
0.0
0.0
0.0
3.3714636429028223e-07
2.3509860056251152e-07
4.4636418894127683e-07
4.720049100063951e-06
0.0
0.0
2.586084606187627e-06
3.4339835592956355e-06
0.0
1.348585457161129e-06
1.7169917796478178e-06
1.8730819414339828e-06
1.8730819414339828e-06
3.202890460757681e-06
2.2334367053438595e-06
2.8269731966280868e-06
2.9657130739371396e-06
2.9657130739371396e-06
1.6857318214514112e-07
1.8730819414339828e-06
1.8730819414339828e-06
1.8730819414339828e-06
1.2018942457534722e-05
1.2018942457534722e-05
4.7019720112502304e-07
4.7019720112502304e-07
0.0
0.0
0.0
8.698648220812926e-06
1.1550671972176228e-05
6.243606471446609e-07
6.243606471446609e-07
6.243606471446609e-07
2.0291721032201482e-06
1.607728666397502e-05
1.607728666397502e-05
3.3714636429028223e-07
3.1218032357233046e-07
2.3509860056251152e-07
2.975761259608512e-07
3.1218032357233046e-07
3.1218032357233046e-07
1.487880629804256e-07
6.243606471446609e-07
0.0
0.0
1.4134865983140434e-05
0.0
0.0
0.0
0.0
3.3714636429028223e-07
2.3509860056251152e-07
2.975761259608512e-07
3.1218032357233046e-07
1.487880629804256e-07
1.6857318214514112e-07
1.1754930028125576e-07
1.487880629804256e-07
1.1754930028125576e-07
0.0
0.0
3.526479008437673e-06
4.682704853584957e-06
1.5609016178616523e-07
2.3509860056251152e-07
0.0
4.55147591791881e-06
3.1738311075939055e-06
4.017277700471492e-06
4.214434368226461e-06
3.526479008437673e-07
3.1218032357233046e-07
4.0583442064402964e-06
4.0583442064402964e-06
4.0583442064402964e-06
1.487880629804256e-07
1.1754930028125576e-07
0.0
0.0
1.5609016178616523e-06
1.0114390928708465e-06
7.052958016875346e-07
8.927283778825537e-07
9.365409707169914e-07
0.0
0.0
0.0
0.0
0.0
2.1852622650063137e-06
1.6857318214514112e-07
1.3735934237182542e-05
1.3735934237182542e-05
1.6857318214514112e-07
1.1754930028125576e-07
1.487880629804256e-07
1.5609016178616523e-07
3.526479008437673e-07
1.7169917796478178e-06
9.403944022500461e-07
1.0461887725031763e-05
4.682704853584957e-07
7.804508089308262e-07
0.0
0.0
5.150975338943453e-06
5.150975338943453e-06
3.87912690928144e-06
0.0
0.0
4.7019720112502304e-07
4.682704853584957e-07
2.0916081679346142e-05
1.8730819414339828e-06
1.8730819414339828e-06
1.5609016178616523e-07
0.0
0.0
0.0
0.0
0.0
0.0
0.0
1.5609016178616523e-07
5.877465014062788e-07
1.2487212942893218e-06
8.5999500402686e-05
3.1218032357233046e-07
1.1754930028125576e-07
0.0
0.0
3.1245493225889377e-06
4.682704853584957e-07
1.8730819414339828e-06
9.365409707169914e-07
8.927283778825537e-07
9.365409707169914e-07
9.365409707169914e-07
7.052958016875346e-07
1.1550671972176228e-05
1.1550671972176228e-05
1.1550671972176228e-05
3.2778933975094696e-06
1.4048114560754873e-06
1.4048114560754873e-06
1.4048114560754873e-06
1.4048114560754873e-06
8.428659107257056e-07
5.877465014062788e-07
7.439403149021281e-07
7.804508089308262e-07
5.877465014062788e-07
1.1754930028125576e-07
1.487880629804256e-07
1.5609016178616523e-07
1.487880629804256e-07
2.975761259608512e-07
8.428659107257056e-07
7.804508089308262e-07
5.877465014062788e-07
7.439403149021281e-07
7.804508089308262e-07
1.8543050035965522e-06
1.7169917796478178e-06
1.2930423030938135e-06
1.6366686927846819e-06
1.7169917796478178e-06
0.0
2.1852622650063137e-06
5.057195464354233e-07
9.403944022500461e-07
1.2487212942893218e-06
3.526479008437673e-07
0.0
0.0
0.0
0.0
0.0
0.0
0.0
0.0
3.2778933975094696e-06
3.2778933975094696e-06
3.2778933975094696e-06
1.5609016178616523e-07
7.960598251094427e-06
1.5609016178616523e-07
5.3070655007296174e-06
5.057195464354233e-07
3.526479008437673e-07
1.6857318214514112e-07
1.5609016178616523e-07
1.1754930028125576e-07
1.5609016178616523e-07
1.1754930028125576e-07
1.5609016178616523e-07
0.0
0.0
0.0
0.0
1.6857318214514112e-07
1.1754930028125576e-07
1.487880629804256e-07
1.5609016178616523e-07
4.166065763451918e-06
4.370524530012627e-06
1.348585457161129e-06
1.1903045038434049e-06
0.0
1.5609016178616523e-07
4.4636418894127683e-07
1.2642988660885585e-05
4.0583442064402964e-06
3.868489637491066e-06
4.0583442064402964e-06
1.5609016178616523e-07
1.8730819414339828e-06
4.4636418894127683e-07
1.1754930028125576e-07
1.487880629804256e-07
4.682704853584957e-07
4.682704853584957e-07
4.838795015371123e-06
8.428659107257056e-07
5.877465014062788e-07
7.439403149021281e-07
7.804508089308262e-07
3.7461638828679655e-06
4.4485696109057094e-05
0.0
0.0
4.682704853584957e-07
2.3413524267924787e-06
1.5609016178616523e-07
1.5609016178616523e-07
4.682704853584957e-07
1.1754930028125576e-07
4.349324110406463e-06
1.685731821451411e-06
1.4878806298042562e-06
1.5609016178616523e-06
1.2487212942893218e-06
6.243606471446609e-06
9.365409707169914e-07
8.927283778825537e-07
9.365409707169914e-07
0.0
0.0
0.0
0.0
0.0
4.720049100063951e-06
4.370524530012627e-06
4.166065763451918e-06
1.469366253515697e-05
0.0
0.0
2.9657130739371396e-06
1.7169917796478178e-06
0.0
0.0
4.682704853584957e-07
1.5609016178616523e-07
1.5003013210917559e-05
1.0461887725031763e-05
1.324213760525788e-05
1.3892024398968706e-05
2.5442696371144933e-05
4.682704853584957e-07
3.526479008437673e-07
1.348585457161129e-06
1.2487212942893218e-06
9.403944022500461e-07
1.1903045038434049e-06
1.2487212942893218e-06
1.5609016178616523e-07
1.5609016178616523e-07
9.365409707169914e-07
9.365409707169914e-07
9.365409707169914e-07
2.1852622650063137e-06
2.1852622650063137e-06
0.0
0.0
0.0
2.586084606187627e-06
9.365409707169914e-07
3.87912690928144e-06
0.0
8.428659107257056e-07
3.7086100071931044e-06
2.586084606187627e-06
1.5609016178616523e-07
0.0
3.371463642902822e-06
2.3509860056251154e-06
2.9757612596085124e-06
3.1218032357233046e-06
2.3509860056251154e-06
3.7086100071931044e-06
2.586084606187627e-06
3.2733373855693637e-06
0.0
6.243606471446609e-07
2.466224556221411e-05
1.6857318214514112e-07
1.1754930028125576e-07
1.487880629804256e-07
1.1754930028125576e-07
3.1245493225889377e-06
3.2778933975094696e-06
4.682704853584957e-07
0.0
5.6539463932561735e-06
0.0
0.0
3.3714636429028223e-07
2.3509860056251152e-07
2.975761259608512e-07
3.1218032357233046e-07
2.3509860056251152e-07
0.0
0.0
0.0
3.792896598265675e-05
2.644859256328255e-05
3.3477314170595767e-05
6.243606471446609e-07
2.3509860056251152e-07
2.975761259608512e-07
3.1218032357233046e-07
7.75825381856288e-06
9.820012156708092e-06
1.0301950677886906e-05
1.0301950677886906e-05
4.12142934455779e-05
1.1800122750159878e-06
8.228451019687904e-07
1.0926311325031568e-06
4.0583442064402964e-06
2.794013895972358e-05
3.1218032357233046e-07
0.0
2.4974425885786437e-06
4.3148538264323425e-06
0.0
1.4048114560754873e-06
1.4048114560754873e-06
0.0
1.487880629804256e-07
4.994885177157287e-06
4.994885177157287e-06
0.0
0.0
2.3413524267924787e-06
1.7632395042188365e-06
2.3413524267924787e-06
3.2778933975094696e-06
1.348585457161129e-06
0.0
0.0
1.2487212942893218e-06
0.0
0.0
0.0
0.0
0.00014918726619844987
0.00013167743573767667
3.7197015745106403e-06
2.4974425885786437e-06
2.4974425885786437e-06
1.8262548928981333e-05
1.5609016178616523e-07
1.5609016178616523e-07
0.0
1.487880629804256e-07
5.3070655007296174e-06
5.3070655007296174e-06
3.996676209562696e-06
5.057195464354233e-07
3.526479008437673e-07
1.6857318214514112e-07
1.1754930028125576e-07
1.487880629804256e-07
1.5609016178616523e-07
1.1754930028125576e-07
1.5609016178616523e-07
3.1218032357233046e-07
5.951522519217024e-07
1.6857318214514112e-07
1.1754930028125576e-07
5.057195464354233e-07
3.526479008437673e-07
4.682704853584957e-07
3.3714636429028223e-07
2.3509860056251152e-07
9.365409707169914e-07
9.365409707169914e-07
6.087516309660445e-06
6.087516309660445e-06
6.243606471446609e-06
3.1218032357233046e-07
2.6535327503648087e-06
3.3714636429028223e-07
2.975761259608512e-07
3.1218032357233046e-07
1.8730819414339828e-06
1.8730819414339828e-06
1.4105916033750692e-06
1.8730819414339828e-06
1.607728666397502e-05
0.0
4.838795015371123e-06
1.5771534675925115e-05
0.0
0.0
0.0
0.0
6.243606471446609e-07
6.243606471446609e-07
4.7019720112502304e-07
6.243606471446609e-07
1.5609016178616523e-07
1.487880629804256e-07
1.5609016178616523e-07
1.5609016178616523e-07
1.1754930028125576e-07
1.5609016178616523e-07
6.574354103660504e-06
4.584422710968975e-06
5.802734456236599e-06
6.087516309660445e-06
3.3714636429028223e-07
2.3509860056251152e-07
2.975761259608512e-07
3.1218032357233046e-07
0.0
0.0
0.0
4.7019720112502304e-07
0.0
0.0
3.1218032357233046e-07
1.2487212942893218e-06
1.2487212942893218e-06
1.2487212942893218e-06
1.0926311325031568e-06
1.6857318214514112e-07
6.700310116031579e-06
8.897139221811418e-06
6.742927285805645e-07
6.243606471446609e-07
3.1218032357233046e-07
2.3509860056251152e-07
2.975761259608512e-07
3.1218032357233046e-07
0.0
0.0
0.0
1.5609016178616523e-07
0.0
0.0
0.0
0.0
0.0
1.6366686927846819e-06
6.742927285805645e-07
5.951522519217024e-07
0.0
0.0
6.742927285805645e-07
4.7019720112502304e-07
6.243606471446609e-07
4.7019720112502304e-07
6.243606471446609e-07
1.7169917796478178e-06
1.7169917796478178e-06
1.7169917796478178e-06
1.2930423030938135e-06
1.7169917796478178e-06
1.5609016178616523e-07
5.057195464354233e-07
1.348585457161129e-06
9.403944022500461e-07
1.1903045038434049e-06
1.2487212942893218e-06
1.2487212942893218e-06
9.403944022500461e-07
1.8886909576125995e-05
1.8886909576125995e-05
0.0
3.5900737210818005e-06
0.0
0.0
0.0
0.0
0.00014082406173694442
6.742927285805645e-07
5.951522519217024e-07
0.0
1.0114390928708465e-06
7.052958016875346e-07
8.927283778825537e-07
9.365409707169914e-07
7.922939560821632e-06
5.524817113219021e-06
6.9930389600800045e-06
7.3362376039497665e-06
5.524817113219021e-06
0.0
0.0
0.0
0.0
0.0
1.6857318214514112e-07
3.2778933975094696e-06
3.2778933975094696e-06
1.0415164408629794e-06
0.0
0.0
6.742927285805645e-07
6.243606471446609e-07
5.951522519217024e-07
6.243606471446609e-07
1.5609016178616523e-07
2.6535327503648087e-06
2.6535327503648087e-06
3.05628180731265e-06
9.365409707169914e-07
1.1800122750159877e-05
1.0926311325031567e-05
8.228451019687904e-06
1.0415164408629793e-05
1.0926311325031567e-05
8.228451019687904e-06
2.8096229121509746e-06
2.6781851336476615e-06
7.052958016875346e-06
9.365409707169915e-06
0.0
1.0926311325031568e-06
4.682704853584957e-07
4.682704853584957e-07
4.682704853584957e-07
1.7169917796478178e-06
1.7169917796478178e-06
1.2930423030938135e-06
1.7169917796478178e-06
4.214329553628528e-06
2.9387325070313938e-06
3.7197015745106403e-06
3.902254044654131e-06
8.428659107257056e-07
5.877465014062788e-07
7.804508089308262e-07
3.371463642902822e-06
2.3509860056251154e-06
2.9757612596085124e-06
3.1218032357233046e-06
2.0291721032201482e-06
2.0291721032201482e-06
2.0291721032201482e-06
1.528140903656325e-06
2.0291721032201482e-06
1.6456902039375809e-06
3.9334720770113644e-05
6.742927285805645e-07
5.951522519217024e-07
3.1218032357233046e-07
6.742927285805645e-07
6.243606471446609e-07
2.856449960686824e-05
3.3714636429028223e-07
6.742927285805645e-07
4.7019720112502304e-07
8.927283778825537e-07
0.0
0.0
3.3714636429028223e-07
3.1218032357233046e-07
2.975761259608512e-07
3.1218032357233046e-07
2.3509860056251152e-07
3.1218032357233046e-07
0.0
0.0
0.0
2.6535327503648087e-06
0.0002024489398366563
0.00019297811768561202
6.243606471446609e-07
2.4974425885786437e-06
2.4974425885786437e-06
3.8554269961182814e-05
3.8554269961182814e-05
2.9034677169470173e-05
4.682704853584957e-07
1.5609016178616523e-07
1.5609016178616523e-07
3.371463642902822e-06
2.3509860056251154e-06
2.9757612596085124e-06
3.1218032357233046e-06
3.1218032357233046e-07
6.7118769568051056e-06
6.7118769568051056e-06
2.9387325070313938e-06
3.7197015745106403e-06
3.902254044654131e-06
6.1003105821974505e-06
0.0
1.6857318214514112e-07
1.6857318214514112e-07
0.0
1.5609016178616523e-07
6.742927285805645e-07
4.7019720112502304e-07
5.951522519217024e-07
6.243606471446609e-07
6.243606471446609e-07
1.6857318214514112e-07
2.4974425885786437e-06
1.6857318214514112e-07
1.5609016178616523e-07
1.487880629804256e-07
1.487880629804256e-07
3.7461638828679655e-06
3.7461638828679655e-06
3.7461638828679655e-06
5.731488192934797e-06
3.996676209562696e-06
5.058794141334471e-06
5.3070655007296174e-06
5.3070655007296174e-06
0.0
0.0
0.0
0.0
0.0
2.975761259608512e-07
1.6857318214514112e-07
1.5609016178616523e-07
1.487880629804256e-07
1.5609016178616523e-07
1.1754930028125576e-07
3.3714636429028223e-07
2.975761259608512e-07
3.1218032357233046e-07
2.975761259608512e-07
1.487880629804256e-07
1.5609016178616523e-07
1.4048114560754873e-06
0.0
2.975761259608512e-07
3.1218032357233046e-07
1.6857318214514112e-07
1.6857318214514112e-07
1.1754930028125576e-07
1.487880629804256e-07
1.5609016178616523e-07
0.0
0.0
0.0
0.0
2.1852622650063137e-06
2.083032881725959e-06
5.225768646499375e-06
4.612429952393195e-06
1.5609016178616523e-07
1.5609016178616523e-07
6.844250897099579e-06
7.180147442163601e-06
7.439403149021281e-07
1.0926311325031568e-06
1.0415164408629794e-06
8.228451019687904e-07
1.0926311325031568e-06
2.1914513678868346e-06
2.0291721032201482e-06
1.934244818745533e-06
1.528140903656325e-06
2.0291721032201482e-06
1.5609016178616523e-06
1.4878806298042562e-06
1.1754930028125577e-06
3.1218032357233046e-07
3.1218032357233046e-07
2.3509860056251152e-07
3.1218032357233046e-07
1.3423753913610211e-05
1.3423753913610211e-05
0.0
0.0
0.0
3.1218032357233046e-07
2.3509860056251152e-07
3.1218032357233046e-07
1.5609016178616523e-07
8.927283778825537e-07
7.052958016875346e-07
0.0
5.951522519217025e-06
6.243606471446609e-06
4.701972011250231e-06
8.116688412880593e-06
1.5609016178616523e-07
1.487880629804256e-07
3.668118801974883e-05
0.0
9.989770354314575e-06
0.0
0.0
0.0
0.0
0.0
1.6857318214514112e-07
1.5609016178616523e-07
4.682704853584957e-07
4.682704853584957e-07
1.348585457161129e-06
9.403944022500461e-07
1.1903045038434049e-06
1.2487212942893218e-06
9.403944022500461e-07
9.365409707169914e-07
8.927283778825537e-07
9.365409707169914e-07
1.5609016178616523e-07
1.487880629804256e-07
2.5285977321771168e-06
2.3413524267924787e-06
2.2318209447063845e-06
4.0583442064402964e-06
3.868489637491066e-06
4.0583442064402964e-06
3.05628180731265e-06
1.5609016178616523e-07
1.4048114560754873e-06
4.682704853584957e-07
4.682704853584957e-07
3.1218032357233046e-07
3.3714636429028223e-07
2.975761259608512e-07
3.1218032357233046e-07
2.3509860056251152e-07
2.3509860056251152e-07
0.0
1.2980135025175864e-05
3.3714636429028223e-07
2.3509860056251152e-07
2.975761259608512e-07
3.1218032357233046e-07
2.3509860056251152e-07
6.06863455722508e-06
5.619245824301949e-06
5.619245824301949e-06
4.231774810125208e-06
5.619245824301949e-06
3.3714636429028223e-07
3.1218032357233046e-07
2.3509860056251152e-07
3.1218032357233046e-07
1.5609016178616523e-07
1.487880629804256e-07
1.5609016178616523e-07
1.1754930028125576e-07
1.5609016178616523e-07
1.8730819414339828e-06
2.466224556221411e-05
1.4048114560754873e-06
6.144947001091578e-05
0.0
1.2930423030938135e-06
1.7169917796478178e-06
3.1218032357233046e-07
3.1218032357233046e-07
2.3509860056251152e-07
3.1218032357233046e-07
1.528140903656325e-06
9.365409707169914e-07
9.365409707169914e-07
1.1238491648603898e-05
1.4048114560754873e-06
1.4048114560754873e-06
1.057943702531302e-06
1.2487212942893218e-06
4.682704853584957e-07
3.0749761871874555e-05
2.3157212155407387e-05
3.0749761871874555e-05
0.0
6.742927285805645e-07
6.243606471446609e-07
4.7019720112502304e-07
4.7019720112502304e-07
0.0
0.0
0.0
0.0
4.7019720112502304e-07
6.243606471446609e-07
1.348585457161129e-06
9.403944022500461e-07
1.1903045038434049e-06
1.7169917796478178e-06
1.2487212942893218e-06
1.2487212942893218e-06
1.5609016178616523e-07
1.5609016178616523e-07
1.51715863930627e-06
1.3390925668238308e-06
1.4048114560754873e-06
0.0
1.487880629804256e-07
1.5609016178616523e-07
0.0
0.0
0.0
0.0
3.902254044654131e-06
3.1218032357233046e-07
3.1218032357233046e-07
3.1218032357233046e-07
2.3509860056251152e-07
3.1218032357233046e-07
1.5609016178616523e-07
1.5609016178616523e-07
1.1754930028125576e-07
8.741049060025255e-06
8.741049060025255e-06
6.5827608157503235e-06
8.741049060025255e-06
0.0
3.526479008437673e-07
1.1754930028125576e-07
0.0
1.4828565369685698e-05
1.4828565369685698e-05
3.1218032357233046e-07
2.3725704591497117e-05
3.2778933975094696e-06
1.0926311325031568e-06
4.682704853584957e-07
4.682704853584957e-07
3.526479008437673e-07
4.682704853584957e-07
9.365409707169915e-06
1.1394581810390062e-05
1.1394581810390062e-05
1.7169917796478178e-06
1.8152143683611926e-05
4.612429952393195e-06
3.644028308718929e-06
1.6366686927846819e-06
1.5609016178616523e-07
0.0
0.0
0.0
0.0
3.1218032357233046e-07
1.1903045038434049e-06
4.682704853584957e-07
3.1218032357233046e-07
0.0
2.1852622650063137e-06
8.260085925111914e-06
7.648417927522097e-06
3.3714636429028223e-07
2.975761259608512e-07
3.1218032357233046e-07
3.3714636429028223e-07
2.3509860056251152e-07
2.975761259608512e-07
0.0
0.0
0.0
5.057195464354233e-07
1.4048114560754873e-06
1.057943702531302e-06
1.5609016178616523e-07
1.5609016178616523e-07
0.0
0.0
2.7477428689658e-05
1.916053594584469e-05
6.555786795018939e-06
6.742927285805645e-07
4.7019720112502304e-07
1.4048114560754873e-06
1.6857318214514112e-07
5.150975338943453e-06
1.5609016178616523e-07
1.5609016178616523e-07
1.1754930028125576e-07
1.5609016178616523e-07
6.243606471446609e-07
1.487880629804256e-07
1.5609016178616523e-07
1.5609016178616523e-07
2.3881794753283282e-05
2.3881794753283282e-05
2.3881794753283282e-05
0.0
1.1754930028125576e-07
0.0
0.0
6.243606471446609e-07
6.243606471446609e-07
6.243606471446609e-07
0.0
2.0291721032201482e-06
4.682704853584957e-07
4.0583442064402964e-06
0.0
1.6857318214514112e-07
5.731488192934797e-06
3.996676209562696e-06
5.058794141334471e-06
5.3070655007296174e-06
1.4048114560754873e-06
1.4048114560754873e-06
1.057943702531302e-06
1.4048114560754873e-06
2.8096229121509742e-05
2.678185133647661e-05
2.8096229121509742e-05
2.115887405062604e-05
1.5609016178616523e-07
1.5609016178616523e-07
0.0
1.6857318214514112e-07
0.0
3.3714636429028223e-07
2.3509860056251152e-07
2.975761259608512e-07
3.1218032357233046e-07
2.3509860056251152e-07
3.1218032357233046e-07
4.682704853584957e-07
0.0
3.3714636429028223e-07
3.1218032357233046e-07
2.975761259608512e-07
3.1218032357233046e-07
2.3509860056251152e-07
6.742927285805645e-07
6.243606471446609e-07
6.243606471446609e-07
4.7019720112502304e-07
0.0
0.0
0.0
3.1218032357233046e-07
5.463155662515784e-06
6.742927285805644e-06
6.243606471446609e-06
5.505158330275748e-06
0.0
7.804508089308262e-07
7.960598251094427e-06
5.995014314344044e-06
1.5609016178616523e-07
3.3714636429028223e-07
3.1218032357233046e-07
2.975761259608512e-07
3.1218032357233046e-07
5.225768646499375e-06
0.0
3.1218032357233046e-07
4.682704853584957e-06
4.682704853584957e-06
4.682704853584957e-06
6.243606471446609e-07
3.1218032357233046e-07
3.1218032357233046e-07
3.1218032357233046e-07
4.682704853584957e-07
1.487880629804256e-07
1.1754930028125576e-07
3.3714636429028223e-07
1.5609016178616523e-07
1.5609016178616523e-07
1.1754930028125576e-07
2.4252454265809377e-05
3.1218032357233046e-07
2.3509860056251152e-07
3.1218032357233046e-07
3.1218032357233046e-07
3.1218032357233046e-07
5.5724187757660985e-05
5.5724187757660985e-05
5.5724187757660985e-05
1.1754930028125576e-07
3.371463642902822e-06
2.9757612596085124e-06
3.1218032357233046e-06
1.6857318214514112e-07
1.487880629804256e-07
1.5609016178616523e-07
3.7086100071931044e-06
2.586084606187627e-06
3.4339835592956355e-06
2.586084606187627e-06
1.1754930028125577e-06
0.0
0.0
0.0
0.0
0.0
1.487880629804256e-07
1.5609016178616523e-07
1.1754930028125576e-07
3.3714636429028223e-07
2.975761259608512e-07
3.1218032357233046e-07
2.3509860056251152e-07
1.487880629804256e-07
3.1218032357233046e-07
3.1218032357233046e-07
5.877465014062788e-07
0.0
1.1800122750159878e-06
3.1218032357233046e-07
3.1218032357233046e-07
3.1218032357233046e-07
6.399696633232775e-06
6.399696633232775e-06
6.399696633232775e-06
1.5609016178616523e-07
0.0
0.0
7.080073650095927e-06
4.937070611812742e-06
6.249098645177875e-06
6.555786795018939e-06
4.937070611812742e-06
0.0
0.0
0.0
0.0
0.0
0.0
8.428659107257056e-07
5.877465014062788e-07
1.9199089899698326e-05
1.830093174659235e-05
1.9199089899698326e-05
1.9199089899698326e-05
4.994885177157287e-06
4.994885177157287e-06
0.0
0.0
0.0
3.1218032357233046e-07
2.975761259608512e-07
3.1218032357233046e-07
1.5609016178616523e-06
1.5609016178616523e-07
3.3714636429028223e-07
6.555786795018939e-06
3.3714636429028223e-07
6.555786795018939e-06
4.937070611812742e-06
0.0
6.243606471446609e-07
4.7019720112502304e-07
3.1218032357233046e-07
3.1218032357233046e-07
3.1218032357233046e-07
2.3509860056251152e-07
3.1218032357233046e-07
2.8657440964673985e-06
1.998338104781348e-06
2.6535327503648087e-06
8.428659107257056e-07
5.877465014062788e-07
7.439403149021281e-07
3.068031915041568e-05
2.139397265118855e-05
2.7079427462437466e-05
2.8408409445082073e-05
9.403944022500461e-07
7.922939560821632e-06
5.524817113219021e-06
6.9930389600800045e-06
7.3362376039497665e-06
7.3362376039497665e-06
4.682704853584957e-07
4.682704853584957e-07
4.682704853584957e-07
0.0001156412029515668
0.0
1.5609016178616523e-07
1.487880629804256e-07
1.5609016178616523e-07
0.0
0.0
0.0
0.0
2.5293970706672354e-06
1.998338104781348e-06
3.1218032357233046e-07
1.5609016178616523e-07
1.6857318214514112e-07
1.487880629804256e-07
1.5609016178616523e-07
1.5609016178616523e-07
0.0
2.4818335724000275e-05
6.405780921515362e-06
4.466873410687719e-06
8.428659107257056e-07
7.804508089308262e-07
1.057943702531302e-06
1.7169917796478178e-06
1.045153729299875e-05
7.288056617437858e-06
9.22485990478639e-06
9.677590030742246e-06
0.0
0.0
0.0
2.6535327503648087e-06
1.487880629804256e-07
1.5609016178616523e-07
1.1754930028125576e-07
2.975761259608512e-07
3.1218032357233046e-07
3.526479008437673e-07
4.4636418894127683e-07
0.0
0.0
1.6857318214514112e-07
1.045153729299875e-05
1.5609016178616523e-07
3.1218032357233046e-07
2.8096229121509746e-06
5.057195464354233e-07
4.4636418894127683e-07
4.682704853584957e-07
3.987520087875407e-05
4.1832163358692284e-05
1.4048114560754873e-06
1.4048114560754873e-06
9.677590030742246e-06
9.677590030742246e-06
9.677590030742246e-06
0.0
0.0
6.243606471446609e-07
6.243606471446609e-07
6.243606471446609e-07
1.1238491648603898e-05
6.243606471446609e-07
7.804508089308262e-07
7.804508089308262e-07
5.877465014062788e-07
7.804508089308262e-07
1.5609016178616523e-07
1.487880629804256e-07
3.1218032357233046e-07
7.024057280377436e-06
0.0
1.6857318214514112e-07
1.487880629804256e-07
1.5609016178616523e-07
1.5609016178616523e-07
2.0291721032201482e-06
1.5609016178616523e-07
1.5609016178616523e-07
1.6857318214514112e-07
1.487880629804256e-07
0.0
1.51715863930627e-06
1.3390925668238308e-06
1.5609016178616523e-07
1.1754930028125576e-07
6.243606471446609e-07
1.6857318214514112e-07
1.487880629804256e-07
1.5609016178616523e-07
0.00031452167599912295
0.00031452167599912295
0.00023686184006673037
0.00031452167599912295
0.0
0.0
6.243606471446609e-07
4.682704853584957e-07
4.682704853584957e-07
1.1903045038434049e-06
1.2487212942893218e-06
8.228451019687904e-06
1.0415164408629793e-05
1.0926311325031567e-05
0.0
0.0
0.0
9.608671382273044e-06
6.700310116031579e-06
0.0
1.6857318214514112e-07
1.1754930028125576e-07
1.487880629804256e-07
1.5609016178616523e-07
5.951522519217024e-07
4.612429952393195e-06
1.6857318214514112e-07
1.1754930028125576e-07
1.487880629804256e-07
8.934378653692478e-05
7.885767337962557e-05
8.272778574666757e-05
1.5609016178616523e-07
1.5609016178616523e-07
5.951522519217024e-07
6.243606471446609e-07
2.022878185741693e-06
1.1706762133962393e-05
1.5609016178616523e-07
0.00021993103795670682
0.0
3.1218032357233046e-07
3.1218032357233046e-07
1.5771534675925115e-05
1.6366686927846819e-06
1.7169917796478178e-06
0.0
0.0
0.0
0.0
3.3714636429028223e-07
2.3509860056251152e-07
2.975761259608512e-07
0.0
1.51715863930627e-06
1.5609016178616523e-07
0.0
0.0
0.0
1.8574729252553664e-05
5.057195464354233e-07
4.4636418894127683e-07
1.7700184125239815e-05
1.638946698754735e-05
0.0
1.1903045038434049e-06
1.2487212942893218e-06
9.365409707169914e-07
3.1218032357233046e-06
2.55987865329311e-05
5.2075822043148965e-06
5.463155662515784e-06
2.1540442326490804e-05
2.1540442326490804e-05
1.8543050035965522e-06
1.2930423030938135e-06
1.0926311325031568e-06
1.576510634040269e-05
1.487880629804256e-07
9.989770354314575e-06
9.989770354314575e-06
9.989770354314575e-06
3.3714636429028223e-07
2.3509860056251152e-07
2.975761259608512e-07
2.3509860056251152e-07
2.3509860056251152e-07
2.975761259608512e-07
3.1218032357233046e-07
2.3509860056251152e-07
2.730885550751286e-05
1.9042986645563435e-05
2.697170914322258e-06
1.8807888045000922e-06
2.3806090076868098e-06
2.4974425885786437e-06
0.0
4.682704853584957e-07
0.0
1.5609016178616523e-07
1.5609016178616523e-07
5.775335986088114e-06
2.6535327503648087e-06
2.6535327503648087e-06
6.243606471446609e-07
6.243606471446609e-07
4.7019720112502304e-07
6.243606471446609e-07
6.243606471446609e-07
8.428659107257056e-07
7.804508089308262e-07
0.0
0.0
0.0
1.0415164408629794e-06
1.0926311325031568e-06
0.0
0.0
1.6857318214514112e-07
1.1754930028125576e-07
1.487880629804256e-07
1.5609016178616523e-07
1.5609016178616523e-07
0.0
0.0
1.5296835855044193e-05
6.243606471446609e-07
6.243606471446609e-07
4.7019720112502304e-07
6.243606471446609e-07
4.682704853584957e-07
1.748209812005051e-05
9.833680192528411e-06
7.804508089308262e-07
1.0114390928708465e-06
8.927283778825537e-07
9.365409707169914e-07
0.0
0.0
0.0
0.0
1.2487212942893218e-06
1.534015957520784e-05
1.3539713731218733e-05
1.0696986325594275e-05
3.1218032357233046e-07
3.1218032357233046e-07
2.3509860056251152e-07
0.0
3.1218032357233046e-06
4.682704853584957e-07
9.820012156708092e-06
1.7169917796478178e-06
1.5609016178616523e-07
3.7461638828679655e-06
3.7461638828679655e-06
3.7461638828679655e-06
4.682704853584957e-07
4.045756371483386e-06
0.0
0.0
3.1218032357233046e-07
1.2487212942893218e-06
1.6857318214514112e-07
1.1754930028125576e-07
1.487880629804256e-07
4.04273519026168e-05
3.6369007696176504e-05
6.472280739648514e-05
6.789922037698188e-05
0.0
6.742927285805645e-07
6.243606471446609e-07
5.951522519217024e-07
6.243606471446609e-07
4.7019720112502304e-07
1.5609016178616523e-07
0.0
1.5609016178616523e-07
2.8096229121509746e-06
2.8096229121509746e-06
6.243606471446609e-07
6.742927285805645e-07
4.7019720112502304e-07
6.243606471446609e-07
4.682704853584957e-07
4.682704853584957e-07
3.526479008437673e-07
4.682704853584957e-07
1.5609016178616523e-07
1.5609016178616523e-07
4.682704853584957e-07
0.0
0.0
0.0
1.2487212942893218e-05
1.2487212942893218e-05
4.682704853584957e-07
5.1133945622346255e-05
6.472280739648514e-05
1.4048114560754873e-06
1.4048114560754873e-06
1.4834440028772418e-05
1.3735934237182542e-05
1.0344338424750508e-05
1.3093349542277455e-05
1.3735934237182542e-05
1.3735934237182542e-05
1.0344338424750508e-05
1.3735934237182542e-05
1.5609016178616523e-06
4.214434368226461e-06
4.245652400583694e-05
4.245652400583694e-05
1.2646985353336179e-05
1.7794278443622837e-05
0.0
1.4048114560754873e-06
3.1218032357233046e-07
0.0
2.1914513678868346e-06
1.5609016178616523e-07
1.5609016178616523e-07
1.5609016178616523e-07
1.5609016178616523e-07
2.9657130739371396e-06
2.9657130739371396e-06
2.9657130739371396e-06
4.682704853584957e-07
4.682704853584957e-07
7.804508089308262e-07
3.1218032357233046e-07
2.975761259608512e-07
3.1218032357233046e-07
1.6857318214514112e-07
1.5609016178616523e-07
1.487880629804256e-07
1.1754930028125576e-07
2.4974425885786437e-06
3.433983559295635e-05
0.0
0.0
1.2487212942893218e-06
1.1754930028125576e-07
1.487880629804256e-07
1.5609016178616523e-07
3.1218032357233046e-07
2.7627958636151246e-05
9.365409707169914e-07
8.927283778825537e-07
9.365409707169914e-07
9.365409707169914e-07
5.150975338943453e-06
0.0
0.0
8.116688412880593e-06
8.116688412880593e-06
1.4878806298042562e-06
1.5609016178616523e-06
2.3413524267924787e-06
2.3413524267924787e-06
2.3413524267924787e-06
3.3714636429028223e-07
1.8543050035965522e-06
3.902254044654131e-06
1.4048114560754873e-06
1.4048114560754873e-06
1.4048114560754873e-06
1.4048114560754873e-06
0.0
2.5285977321771168e-06
1.7632395042188365e-06
2.3413524267924787e-06
9.10295183583762e-06
6.347662215187811e-06
8.034555400942984e-06
8.428659107257055e-06
5.8774650140627876e-06
7.439403149021281e-06
7.804508089308262e-06
4.2311868718430425e-05
3.734580380808683e-05
3.9178630608327475e-05
5.394341828644516e-06
4.7612180153736195e-06
4.994885177157287e-06
1.6857318214514112e-07
1.5609016178616523e-07
1.5609016178616523e-07
1.1754930028125576e-07
1.6857318214514112e-07
1.279939326646555e-05
1.2200621164394901e-05
1.8730819414339828e-06
0.0
3.2622843813308533e-05
0.0
6.243606471446609e-07
4.7019720112502304e-07
6.243606471446609e-07
6.243606471446609e-07
1.685731821451411e-06
1.1754930028125577e-06
1.4878806298042562e-06
1.5609016178616523e-06
0.0
2.3509860056251152e-07
1.6857318214514112e-07
1.487880629804256e-07
1.1903045038434049e-06
1.2487212942893218e-06
1.4048114560754873e-06
1.4048114560754873e-06
1.4048114560754873e-06
3.1218032357233046e-07
1.5609016178616523e-07
4.682704853584957e-07
1.1754930028125576e-07
5.731488192934797e-06
3.996676209562696e-06
5.3070655007296174e-06
3.1218032357233046e-07
2.975761259608512e-07
6.742927285805645e-07
4.7019720112502304e-07
6.243606471446609e-07
3.526479008437673e-07
4.4636418894127683e-07
4.682704853584957e-07
1.487880629804256e-07
2.975761259608512e-07
1.668874503236897e-05
0.0
0.0
0.0
4.682704853584957e-07
3.526479008437673e-07
1.6857318214514112e-07
1.51715863930627e-06
5.057195464354233e-07
4.682704853584957e-07
1.0114390928708465e-06
7.052958016875346e-07
8.927283778825537e-07
9.365409707169914e-07
9.365409707169914e-07
0.0
0.0
0.0
0.0
8.034555400942984e-06
2.083032881725959e-06
4.214434368226461e-06
1.4048114560754873e-06
0.0
0.0
9.10295183583762e-06
6.347662215187811e-06
8.034555400942984e-06
8.428868736452922e-06
6.347662215187811e-06
8.428868736452922e-06
1.6857318214514112e-07
1.1754930028125576e-07
1.487880629804256e-07
1.2487212942893218e-06
7.439403149021281e-07
3.3714636429028223e-07
3.3714636429028223e-07
3.1218032357233046e-07
2.975761259608512e-07
7.439403149021281e-07
1.8543050035965522e-06
5.057195464354233e-07
3.526479008437673e-07
4.4636418894127683e-07
4.682704853584957e-07
4.214329553628528e-06
2.9387325070313938e-06
3.7197015745106403e-06
1.4105916033750692e-06
1.7854567557651073e-06
0.0
0.0
0.0
0.0
7.248646832241067e-06
6.397886708158302e-06
5.057195464354233e-07
3.526479008437673e-07
1.487880629804256e-07
1.5609016178616523e-07
0.0
0.0
0.0
1.0926311325031568e-06
1.3892024398968706e-05
1.487880629804256e-07
1.2487212942893218e-06
0.0001306474654150203
2.3600245500319757e-06
2.083032881725959e-06
2.1852622650063137e-06
4.4636418894127683e-07
2.325743410613862e-05
2.325743410613862e-05
1.5609016178616523e-07
5.057195464354233e-07
3.028149138651606e-05
3.028149138651606e-05
0.0
0.0
0.0
2.0135630870415315e-05
6.243606471446609e-07
1.1754930028125576e-07
4.463641889412769e-06
1.6857318214514112e-07
1.6857318214514112e-07
1.487880629804256e-07
0.0
0.0
4.682704853584957e-07
3.8771831893382455e-06
5.057195464354233e-07
3.526479008437673e-07
4.4636418894127683e-07
1.0926311325031568e-06
1.0926311325031568e-06
1.0926311325031568e-06
5.057195464354233e-07
4.682704853584957e-07
4.4636418894127683e-07
4.682704853584957e-07
1.5609016178616523e-07
1.1754930028125576e-07
5.951522519217024e-07
1.6857318214514112e-07
1.1754930028125576e-07
1.487880629804256e-07
1.5609016178616523e-07
4.838795015371123e-06
1.2487212942893218e-06
1.2487212942893218e-06
4.682704853584957e-07
1.487880629804256e-07
0.0
0.0
0.0
0.0
4.349324110406463e-06
5.505158330275748e-06
5.775335986088114e-06
1.2487212942893218e-06
1.6857318214514112e-07
1.1754930028125576e-07
1.487880629804256e-07
1.5609016178616523e-07
1.487880629804256e-07
5.057195464354233e-07
3.526479008437673e-07
4.4636418894127683e-07
4.682704853584957e-07
1.685731821451411e-06
1.1754930028125577e-06
1.4878806298042562e-06
1.5609016178616523e-06
3.8771831893382455e-06
2.7036339064688825e-06
3.4221254485497894e-06
3.5900737210818005e-06
5.3774845104300014e-05
3.749822678972059e-05
4.7463392090755774e-05
5.057195464354233e-07
3.526479008437673e-07
4.4636418894127683e-07
4.682704853584957e-07
3.526479008437673e-07
1.1800122750159878e-06
1.0926311325031568e-06
8.228451019687904e-07
1.0415164408629794e-06
1.0926311325031568e-06
1.1903045038434049e-06
1.5609016178616523e-07
9.20931954538375e-06
9.20931954538375e-06
1.2487212942893218e-06
1.2487212942893218e-06
1.2487212942893218e-06
1.6857318214514112e-07
1.487880629804256e-07
1.0926311325031568e-06
5.394341828644516e-06
4.994885177157287e-06
3.7615776090001843e-06
4.7612180153736195e-06
1.51715863930627e-06
4.214329553628528e-06
7.922939560821632e-06
7.3362376039497665e-06
5.524817113219021e-06
6.9930389600800045e-06
7.3362376039497665e-06
7.3362376039497665e-06
5.524817113219021e-06
7.3362376039497665e-06
3.1218032357233046e-07
3.1218032357233046e-07
2.3413524267924787e-06
1.6857318214514112e-07
7.804508089308262e-07
6.742927285805645e-07
6.243606471446609e-07
1.6857318214514112e-07
1.5609016178616523e-07
1.1754930028125576e-07
1.487880629804256e-07
1.5609016178616523e-07
0.0
0.0
1.1800122750159878e-06
1.0415164408629794e-06
1.0926311325031568e-06
1.5609016178616523e-07
1.6857318214514112e-07
1.1754930028125576e-07
1.487880629804256e-07
1.5609016178616523e-07
1.5609016178616523e-07
1.487880629804256e-07
1.5609016178616523e-07
1.1754930028125576e-07
3.1218032357233046e-07
2.3509860056251152e-07
4.55147591791881e-06
4.017277700471492e-06
4.214434368226461e-06
5.877465014062788e-07
0.0
0.0
6.087516309660445e-06
6.087516309660445e-06
4.584422710968975e-06
6.087516309660445e-06
3.7086100071931044e-06
2.586084606187627e-06
3.2733373855693637e-06
1.487880629804256e-07
1.1903045038434049e-06
0.0
0.0
0.0
0.0003111860942399305
0.00021699600831919815
0.0002746627642618657
0.00028814243865726103
2.5285977321771168e-06
2.3413524267924787e-06
2.3413524267924787e-06
6.742927285805645e-07
4.382902735773669e-06
3.868489637491066e-06
4.0583442064402964e-06
0.0
0.0
4.4636418894127683e-07
2.3509860056251152e-07
1.1800122750159878e-06
1.0415164408629794e-06
1.0926311325031568e-06
0.0
1.5609016178616523e-07
1.6857318214514112e-07
1.1754930028125576e-07
1.487880629804256e-07
1.5609016178616523e-07
1.0415164408629794e-06
1.5609016178616523e-07
0.0
3.1218032357233046e-07
0.0
1.057943702531302e-06
0.0
3.526479008437673e-07
4.682704853584957e-07
1.0926311325031568e-06
0.0
2.4974425885786437e-06
2.4974425885786437e-06
1.6857318214514112e-07
8.428659107257056e-07
5.877465014062788e-07
7.439403149021281e-07
7.804508089308262e-07
5.877465014062788e-07
0.0
0.0
0.0
3.1218032357233046e-07
6.742927285805645e-07
5.951522519217024e-07
6.243606471446609e-07
4.7019720112502304e-07
2.697170914322258e-06
1.8807888045000922e-06
2.3806090076868098e-06
2.4974425885786437e-06
0.0
1.5609016178616523e-07
2.022878185741693e-06
1.7854567557651073e-06
1.8730819414339828e-06
0.0
0.0
0.0
8.428659107257056e-07
5.877465014062788e-07
7.439403149021281e-07
7.804508089308262e-07
9.945817746563326e-06
6.935408716594091e-06
8.778495715845112e-06
1.685731821451411e-06
1.1754930028125577e-06
1.4878806298042562e-06
0.0
0.0
0.0
0.0
0.0
0.0
7.804508089308262e-07
7.052958016875346e-07
2.3509860056251152e-07
7.439403149021281e-07
0.0
0.0
2.3413524267924787e-06
1.51715863930627e-06
1.057943702531302e-06
1.5609016178616523e-06
4.682704853584957e-06
4.682704853584957e-06
1.0788683657289031e-05
9.989770354314575e-06
5.057195464354233e-07
3.526479008437673e-07
4.4636418894127683e-07
4.682704853584957e-07
3.1218032357233046e-07
7.804508089308262e-07
0.0
0.0
0.0
0.0
0.0
1.6366686927846819e-06
1.249819729035575e-05
0.0
0.0
0.0
0.0
7.3362376039497665e-06
6.9930389600800045e-06
7.3362376039497665e-06
0.0
0.0
0.0
6.0012052843670236e-05
5.296855042103152e-05
2.975761259608512e-07
3.1218032357233046e-07
6.243606471446609e-07
0.0
0.0
0.0
0.0
0.0
0.0
8.428659107257056e-07
7.439403149021281e-07
7.804508089308262e-07
2.3509860056251152e-07
0.00032643440688104726
0.00032643440688104726
0.00043346237928018085
4.682704853584957e-07
0.0
0.0
0.0
0.0
0.0
3.5900737210818005e-06
7.439403149021281e-07
7.804508089308262e-07
7.804508089308262e-07
5.877465014062788e-07
0.0
1.6857318214514112e-07
0.0
6.742927285805645e-07
4.7019720112502304e-07
1.8730819414339828e-06
1.8730819414339828e-06
8.463549620250416e-06
1.0712740534590646e-05
1.1238491648603898e-05
1.6857318214514112e-07
1.1754930028125576e-07
0.0
1.1754930028125576e-07
5.900061375079939e-05
5.2075822043148963e-05
5.463155662515783e-05
0.0
0.0
1.5609016178616523e-07
3.3714636429028223e-07
1.5609016178616523e-07
2.975761259608512e-07
3.1218032357233046e-07
0.0
0.0
0.0
0.0
5.057195464354233e-07
3.526479008437673e-07
0.0
0.0
1.1903045038434049e-06
1.5609016178616523e-07
1.487880629804256e-07
0.0
0.0
1.0114390928708465e-06
7.052958016875346e-07
9.365409707169914e-07
1.6857318214514112e-07
1.487880629804256e-07
4.382902735773669e-06
3.05628180731265e-06
3.868489637491066e-06
4.0583442064402964e-06
3.05628180731265e-06
0.0
3.4339835592956355e-06
3.4339835592956355e-06
3.4339835592956355e-06
1.348585457161129e-06
9.403944022500461e-07
1.1903045038434049e-06
1.2487212942893218e-06
9.403944022500461e-07
5.057195464354233e-07
4.682704853584957e-07
0.0
4.838795015371123e-06
0.0
1.5609016178616523e-07
3.3714636429028223e-07
3.1218032357233046e-07
0.0
1.5609016178616523e-07
1.5609016178616523e-07
1.487880629804256e-07
1.1754930028125576e-07
8.584958898239087e-06
1.5609016178616523e-07
5.619245824301949e-06
5.0571954643542335e-06
4.463641889412769e-06
4.682704853584957e-06
2.3413524267924787e-06
2.3413524267924787e-06
1.5609016178616523e-07
3.371463642902822e-06
3.1218032357233046e-06
2.3509860056251154e-06
2.9757612596085124e-06
3.1218032357233046e-06
1.1754930028125576e-07
1.487880629804256e-07
1.5609016178616523e-07
0.0
6.243606471446609e-07
4.7019720112502304e-07
1.487880629804256e-07
8.228451019687904e-07
1.487880629804256e-07
4.701972011250231e-06
7.439403149021281e-07
2.7036339064688825e-06
3.4221254485497894e-06
3.5900737210818005e-06
2.586084606187627e-06
0.0
0.0
0.0
7.080073650095927e-06
4.937070611812742e-06
6.249098645177875e-06
6.555786795018939e-06
3.5900737210818005e-06
1.0926311325031568e-06
1.0415164408629794e-06
1.0926311325031568e-06
1.0926311325031568e-06
4.0583442064402964e-06
3.05628180731265e-06
7.804508089308262e-07
6.867967118591271e-06
6.867967118591271e-06
1.1754930028125576e-07
2.1914513678868346e-06
1.934244818745533e-06
2.0291721032201482e-06
7.5857931965313494e-06
6.695462834119152e-06
3.202890460757681e-06
2.2334367053438595e-06
2.8269731966280868e-06
2.9657130739371396e-06
3.1218032357233046e-07
9.440098200127903e-06
6.5827608157503235e-06
3.1218032357233046e-07
4.4636418894127683e-07
3.3714636429028223e-07
3.3714636429028223e-07
2.975761259608512e-07
3.1218032357233046e-07
6.06863455722508e-06
4.231774810125208e-06
5.356370267295323e-06
5.619245824301949e-06
1.3390925668238308e-06
1.7169917796478178e-06
1.1706762133962393e-05
1.1706762133962393e-05
7.804508089308262e-07
2.022878185741693e-06
1.4105916033750692e-06
1.7854567557651073e-06
1.8730819414339828e-06
1.8730819414339828e-06
1.8730819414339828e-06
2.1852622650063137e-06
2.1852622650063137e-06
2.1852622650063137e-06
1.014586051610074e-05
1.014586051610074e-05
7.640704518281624e-06
1.014586051610074e-05
0.0
0.0
4.682704853584957e-07
4.682704853584957e-07
2.975761259608512e-07
0.0
0.0
0.0
1.5609016178616523e-07
1.487880629804256e-07
1.5609016178616523e-07
1.1754930028125576e-07
1.5609016178616523e-07
8.927283778825537e-07
1.6857318214514112e-07
1.1754930028125576e-07
1.487880629804256e-07
1.5609016178616523e-07
2.975761259608512e-07
2.1914513678868346e-06
5.057195464354233e-07
3.526479008437673e-07
4.4636418894127683e-07
4.682704853584957e-07
1.635159866807869e-05
1.140228212728181e-05
1.0926311325031568e-06
8.428659107257056e-07
1.348585457161129e-06
9.403944022500461e-07
1.2487212942893218e-06
6.742927285805645e-07
4.7019720112502304e-07
5.951522519217024e-07
6.243606471446609e-07
3.1218032357233046e-07
6.243606471446609e-07
6.243606471446609e-07
4.7019720112502304e-07
6.243606471446609e-07
1.5609016178616523e-07
1.5609016178616523e-07
5.931426147874279e-06
5.931426147874279e-06
2.1072171841132308e-05
2.3509860056251152e-07
1.5609016178616523e-07
4.526614691798792e-06
4.526614691798792e-06
4.526614691798792e-06
4.526614691798792e-06
0.0
0.0
0.0
0.0
0.0
7.804508089308262e-07
6.243606471446609e-07
2.3509860056251152e-07
0.0
1.057943702531302e-06
0.0
0.0
0.0
0.0
1.5609016178616523e-06
0.0
0.0
2.5285977321771168e-06
1.7632395042188365e-06
2.3413524267924787e-06
0.0
6.742927285805645e-07
5.951522519217024e-07
6.243606471446609e-07
4.682704853584957e-07
7.804508089308262e-07
1.6857318214514112e-07
2.6781851336476615e-06
2.8096229121509746e-06
9.365409707169914e-07
9.365409707169914e-07
9.403944022500461e-07
0.0
3.202890460757681e-06
2.8269731966280868e-06
0.0
0.0
0.0
0.0
4.910006078354046e-06
7.804508089308262e-07
0.0
0.0
1.0114390928708465e-06
8.927283778825537e-07
9.365409707169914e-07
9.608671382273044e-06
6.700310116031579e-06
8.897139221811418e-06
5.057195464354233e-07
3.526479008437673e-07
4.4636418894127683e-07
4.682704853584957e-07
0.0
0.0
1.51715863930627e-06
1.057943702531302e-06
1.3390925668238308e-06
1.4048114560754873e-06
9.373647967766814e-06
9.833680192528411e-06
1.5609016178616523e-07
1.5609016178616523e-07
3.202890460757681e-06
1.6857318214514112e-07
4.0583442064402964e-06
0.0
1.8730819414339828e-06
1.487880629804256e-07
0.0
2.9657130739371396e-06
2.9657130739371396e-06
9.403944022500461e-07
0.0
7.052958016875346e-07
2.3509860056251152e-07
3.1218032357233046e-07
1.0926311325031568e-06
1.6857318214514112e-07
1.487880629804256e-07
3.1218032357233046e-07
1.0114390928708465e-06
7.052958016875346e-07
8.927283778825537e-07
9.365409707169914e-07
7.288056617437858e-06
2.3806090076868098e-06
2.4974425885786437e-06
2.4974425885786437e-06
0.0
0.0
1.0932084926156786e-05
2.8096229121509746e-06
8.428659107257056e-07
5.877465014062788e-07
7.439403149021281e-07
7.804508089308262e-07
5.057195464354233e-07
3.526479008437673e-07
4.682704853584957e-07
1.0861528597571071e-05
1.5609016178616523e-07
1.487880629804256e-07
1.51715863930627e-06
1.057943702531302e-06
1.3390925668238308e-06
1.4048114560754873e-06
2.115887405062604e-06
2.8096229121509746e-06
3.3714636429028223e-07
2.3509860056251152e-07
2.975761259608512e-07
3.1218032357233046e-07
0.0
0.0
0.0
0.0
0.0
0.0
3.03431727861254e-06
1.51715863930627e-06
1.057943702531302e-06
1.3390925668238308e-06
1.4048114560754873e-06
0.0
0.0
0.0
0.0
3.7086100071931044e-06
2.586084606187627e-06
3.4339835592956355e-06
1.1754930028125576e-07
2.3509860056251152e-07
2.975761259608512e-07
3.1218032357233046e-07
2.3509860056251152e-07
3.1218032357233046e-07
3.1218032357233046e-07
3.1218032357233046e-07
2.3509860056251152e-07
1.0114390928708465e-06
7.052958016875346e-07
3.1218032357233046e-07
3.1218032357233046e-07
3.1218032357233046e-07
4.682704853584957e-07
4.682704853584957e-07
3.526479008437673e-07
4.682704853584957e-07
3.1218032357233046e-07
3.1218032357233046e-07
2.3509860056251152e-07
3.1218032357233046e-07
0.0
8.428659107257056e-07
5.877465014062788e-07
7.439403149021281e-07
7.804508089308262e-07
0.0
1.6857318214514112e-07
1.487880629804256e-07
7.804508089308262e-07
4.682704853584957e-07
3.526479008437673e-07
3.1218032357233046e-07
3.3714636429028223e-07
2.3509860056251152e-07
2.975761259608512e-07
2.3509860056251152e-07
0.0
4.682704853584957e-07
6.243606471446609e-07
1.2051833101414476e-05
7.3362376039497665e-06
4.994885177157287e-06
1.6857318214514112e-07
1.5609016178616523e-07
1.5609016178616523e-07
1.5609016178616523e-07
0.0
2.6535327503648087e-06
1.0926311325031568e-06
4.682704853584957e-07
1.1754930028125576e-07
0.0
0.0
0.0
0.0
8.428659107257056e-07
5.877465014062788e-07
7.804508089308262e-07
1.1754930028125576e-07
0.0
0.0
0.0
0.0
0.0
1.6857318214514112e-07
1.1754930028125576e-07
1.5609016178616523e-07
8.428659107257056e-07
5.877465014062788e-07
7.439403149021281e-07
7.804508089308262e-07
1.685731821451411e-06
1.1754930028125577e-06
1.4878806298042562e-06
1.5609016178616523e-06
1.6857318214514112e-07
1.5609016178616523e-07
1.487880629804256e-07
5.524817113219021e-06
6.9930389600800045e-06
0.0
1.2305842296595302e-05
8.581098920531671e-06
1.1394581810390062e-05
1.6857318214514112e-07
1.5609016178616523e-07
7.804508089308262e-07
7.439403149021281e-07
7.804508089308262e-07
5.877465014062788e-07
7.804508089308262e-07
3.1218032357233046e-07
4.214329553628528e-06
2.9387325070313938e-06
3.7197015745106403e-06
2.975761259608512e-07
9.403944022500461e-07
3.5709135115302146e-06
3.7461638828679655e-06
0.0
1.6857318214514112e-07
6.742927285805645e-07
5.951522519217024e-07
6.243606471446609e-07
1.6857318214514112e-07
5.057195464354233e-07
3.526479008437673e-07
4.682704853584957e-07
3.526479008437673e-07
1.0926311325031568e-06
1.7854567557651073e-06
1.8730819414339828e-06
1.0415164408629794e-06
1.0926311325031568e-06
1.4105916033750692e-06
0.0
5.0571954643542335e-06
3.526479008437673e-06
4.463641889412769e-06
5.057195464354233e-07
4.4636418894127683e-07
4.682704853584957e-07
4.682704853584957e-07
3.526479008437673e-07
3.3040343700447655e-05
2.3039662855126132e-05
1.487880629804256e-07
1.5609016178616523e-07
6.742927285805645e-07
4.7019720112502304e-07
5.951522519217024e-07
7.3362376039497665e-06
6.9930389600800045e-06
1.685731821451411e-06
1.1754930028125577e-06
1.4878806298042562e-06
1.5609016178616523e-06
1.1754930028125577e-06
0.0
0.0
0.0
0.0
0.0
0.0
0.0
0.0
0.0
0.0
0.0
0.0
0.0
0.0
5.058794141334471e-06
1.6857318214514112e-07
1.1754930028125576e-07
1.487880629804256e-07
1.5609016178616523e-07
1.685731821451411e-06
1.1754930028125577e-06
1.5609016178616523e-06
3.7086100071931044e-06
3.2733373855693637e-06
3.4339835592956355e-06
1.7169917796478178e-06
1.487880629804256e-07
1.1754930028125576e-07
0.0
1.0114390928708465e-06
8.927283778825537e-07
9.365409707169914e-07
1.6857318214514112e-07
1.487880629804256e-07
1.5609016178616523e-07
1.5609016178616523e-07
5.775335986088114e-06
5.775335986088114e-06
5.775335986088114e-06
4.0583442064402964e-06
3.1218032357233046e-06
3.1218032357233046e-06
3.1218032357233046e-06
0.0
7.439403149021281e-07
2.3509860056251152e-07
3.1218032357233046e-07
1.0926311325031568e-06
1.9823450546842984e-05
1.9823450546842984e-05
0.0
9.365409707169914e-07
9.365409707169914e-07
0.0
0.0
0.0
4.682704853584957e-07
7.804508089308262e-07
2.1723057195142142e-05
1.348585457161129e-06
1.1903045038434049e-06
1.2487212942893218e-06
9.403944022500461e-07
6.243606471446609e-07
0.0
0.0
0.0
5.150975338943453e-06
4.682704853584957e-07
4.682704853584957e-07
4.682704853584957e-07
5.225768646499375e-06
3.644028308718929e-06
4.838795015371123e-06
4.55147591791881e-06
4.214434368226461e-06
4.017277700471492e-06
4.214434368226461e-06
3.1738311075939055e-06
4.214434368226461e-06
1.348585457161129e-06
0.0
0.0
1.6857318214514112e-07
8.260085925111914e-06
5.759915713781533e-06
0.0
1.057943702531302e-06
1.4105916033750692e-06
0.0
0.0
0.0
0.0
8.428659107257056e-07
7.439403149021281e-07
7.804508089308262e-07
4.526614691798792e-06
4.3148538264323425e-06
3.408929708156417e-06
2.975761259608512e-07
3.1218032357233046e-07
0.0
0.0
4.682704853584957e-07
1.4048114560754873e-06
7.804508089308262e-07
1.8730819414339828e-06
1.8730819414339828e-06
1.8730819414339828e-06
1.8730819414339828e-06
1.487880629804256e-07
1.5609016178616523e-07
0.0
0.0
4.4636418894127683e-07
6.243606471446609e-07
6.243606471446609e-07
1.5609016178616523e-07
1.5609016178616523e-07
1.5609016178616523e-07
1.5609016178616523e-07
0.0
0.0
0.0
7.804508089308262e-07
2.8720589768654404e-05
2.8720589768654404e-05
1.6857318214514112e-07
1.1754930028125576e-07
1.487880629804256e-07
1.5609016178616523e-07
0.0
0.0
0.0
0.0
0.0
0.0
1.1800122750159878e-06
1.348585457161129e-06
0.0
1.1800122750159878e-06
2.022878185741693e-06
1.4328720482336995e-05
2.022878185741693e-06
3.371463642902822e-06
1.51715863930627e-06
0.0
1.8880196400255805e-05
1.6857318214514112e-07
1.0114390928708465e-06
2.5454550503916307e-05
4.5009039632752675e-05
6.742927285805644e-06
7.754366378676491e-06
5.731488192934797e-06
0.00016874175532728626
1.1800122750159877e-05
1.0114390928708465e-06
3.3714636429028223e-07
2.5285977321771168e-06
3.7086100071931044e-06
3.526479008437673e-07
1.1754930028125576e-07
1.4105916033750692e-06
0.00011766684958153702
3.1738311075939055e-06
4.7019720112502304e-07
1.711062724274895e-05
1.0415164408629794e-06
0.00014893685104340603
1.0415164408629794e-06
4.18094456974996e-05
3.02039767850264e-05
5.951522519217025e-06
4.523157114604939e-05
0.0
2.4193975076855613e-05
1.8730819414339828e-06
4.0583442064402964e-06
3.1218032357233046e-06
1.732600795826434e-05
1.5609016178616523e-06
2.1852622650063137e-06
1.4048114560754873e-06
2.2320893135421628e-05
1.0770221163245402e-05
7.024057280377436e-06
6.399696633232775e-06
6.7118769568051056e-06
2.0291721032201482e-06
1.9667360385056822e-05
1.5609016178616523e-07
1.5609016178616523e-07
1.732600795826434e-05
2.1852622650063137e-06
6.399696633232775e-06
6.243606471446609e-07
6.399696633232775e-06
7.3362376039497665e-06
1.5609016178616523e-07
4.0583442064402964e-06
1.3165521631500647e-05
2.2334367053438595e-06
4.701972011250231e-06
0.00011766684958153702
1.057943702531302e-06
1.8807888045000922e-06
0.0
4.937070611812742e-06
1.1754930028125577e-06
3.408929708156417e-06
7.405605917719113e-06
7.960598251094427e-06
2.9657130739371396e-06
3.902254044654131e-06
2.0291721032201482e-06
2.794013895972358e-05
4.0583442064402964e-06
1.5609016178616523e-07
2.4974425885786437e-06
2.6535327503648087e-06
6.243606471446609e-07
2.2320893135421628e-05
2.0291721032201482e-06
7.804508089308262e-07
1.732600795826434e-05
4.0583442064402964e-06
1.5609016178616523e-06
1.0926311325031568e-06
6.7118769568051056e-06
7.960598251094427e-06
9.365409707169914e-07
0.0
1.0926311325031568e-06
1.5609016178616523e-07
1.8730819414339828e-06
2.122826200291847e-05
2.0235176565337883e-05
8.741049060025255e-06
1.045153729299875e-05
7.288056617437858e-06
2.4974425885786437e-06
2.697170914322258e-06
1.045153729299875e-05
7.288056617437858e-06
9.608671382273044e-06
6.700310116031579e-06
0.0001727918090972849
0.00016470838571933116
0.0001866105126346712
2.5285977321771168e-06
5.562915010789657e-06
2.6535327503648087e-06
2.0291721032201482e-06
2.4974425885786437e-06
9.365409707169915e-06
6.7118769568051056e-06
6.7118769568051056e-06
6.087516309660445e-06
6.574354103660504e-06
1.0114390928708467e-05
7.052958016875346e-06
1.1294403203724454e-05
7.875803118844137e-06
3.371463642902822e-06
2.3509860056251154e-06
1.4048114560754871e-05
2.8096229121509746e-06
2.3600245500319757e-06
6.243606471446609e-06
5.951522519217025e-06
9.440098200127903e-06
1.6366686927846819e-06
1.3892024398968706e-05
1.7169917796478178e-06
2.1852622650063137e-06
3.169175824328653e-05
5.775335986088114e-06